550 3865 7
135 198 5 0
124 389 6 0
111 254 5 0
441 530 3 1
259 309 10 1
296 333 9 0
52 162 5 1
351 349 2 1
68 170 17 1
508 307 9 1
445 478 11 1
2 26 8 1
173 274 11 1
87 512 4 1
66 535 4 0
536 327 9 0
202 358 8 1
399 355 9 1
39 30 7 1
432 326 11 1
475 38 13 1
374 53 9 1
265 379 14 1
359 262 8 0
403 35 14 1
34 31 11 1
5 300 3 1
516 369 1 1
13 328 16 1
140 65 5 0
273 546 6 1
231 68 5 1
256 279 14 1
38 205 5 0
10 491 6 1
105 163 6 0
245 329 4 0
458 160 15 1
81 265 8 1
193 111 10 1
150 286 14 1
503 117 6 0
329 35 8 1
426 148 7 0
482 268 5 1
20 47 10 1
478 412 5 1
102 40 12 1
481 529 9 1
13 377 4 0
182 217 9 0
494 272 6 1
326 221 8 0
155 33 10 1
28 250 14 1
514 249 7 1
223 72 15 1
370 529 14 1
312 134 12 1
529 75 8 1
84 48 10 1
175 142 11 1
151 338 13 1
207 356 13 1
272 316 5 1
413 349 9 1
45 299 8 1
540 288 3 0
548 316 3 1
275 271 4 1
440 170 11 1
512 519 5 1
507 413 6 1
180 87 8 1
302 192 3 1
403 201 6 1
216 312 8 1
366 320 6 1
52 60 1 1
241 80 7 1
83 526 6 0
511 492 15 1
311 70 9 1
218 454 11 1
50 408 7 1
408 136 4 0
31 141 3 0
41 209 10 1
345 132 8 1
424 544 10 1
51 282 11 1
196 49 9 1
92 48 2 1
348 142 8 1
398 275 11 1
446 351 5 0
352 208 13 1
393 498 10 1
175 348 10 1
490 338 5 1
335 318 12 1
82 258 1 0
43 309 10 1
440 68 4 1
545 45 11 1
115 144 3 1
369 542 12 1
300 453 8 1
137 52 7 1
381 477 9 1
367 211 17 1
180 132 1 1
348 468 7 0
185 477 6 1
29 129 6 0
463 42 6 1
32 335 12 1
291 158 11 1
233 304 9 1
370 273 11 1
450 35 5 1
382 94 3 0
224 321 11 1
179 213 9 1
47 458 6 1
8 413 7 0
161 138 6 1
514 474 8 1
36 418 6 1
317 110 6 1
61 488 9 1
478 489 14 1
9 108 6 0
197 420 7 0
438 52 9 1
324 228 4 0
361 79 7 1
504 241 11 1
240 145 13 1
206 71 7 1
344 150 14 1
252 152 3 1
544 203 8 1
191 392 8 1
179 193 9 1
518 242 11 1
114 77 5 1
322 142 13 1
403 426 14 1
332 99 9 1
107 178 16 1
50 391 1 0
261 499 2 1
336 191 8 0
303 330 10 1
106 477 10 1
340 260 12 1
386 332 3 1
177 447 8 0
56 470 8 0
424 311 2 1
198 364 5 1
221 391 15 1
171 293 11 1
410 275 7 0
529 55 10 1
255 522 5 1
309 24 13 1
425 527 11 1
78 178 10 1
67 7 8 0
492 228 11 1
507 506 14 1
522 367 5 1
200 533 5 1
499 436 7 1
181 76 11 1
283 487 10 1
191 464 16 1
345 39 14 1
535 373 3 0
323 359 6 1
430 362 10 1
516 160 11 1
29 481 6 1
353 393 6 1
51 47 9 1
79 97 15 1
331 74 3 1
31 276 6 0
393 210 7 1
134 178 10 1
522 545 5 1
380 88 10 1
319 46 7 1
197 375 8 1
520 511 3 1
309 444 12 1
207 171 14 1
205 165 4 1
412 76 14 1
263 396 10 1
408 391 14 1
445 489 16 1
193 413 11 1
138 289 10 1
21 187 6 1
168 411 2 0
19 32 17 1
493 128 12 1
85 322 7 1
59 459 14 1
234 238 8 1
61 403 12 1
73 102 4 1
375 530 14 1
274 471 6 0
312 212 6 1
288 444 12 1
381 72 5 1
532 293 11 1
411 503 8 1
302 357 5 1
531 545 4 1
235 350 14 1
86 59 12 1
316 195 7 0
494 48 10 1
130 234 12 1
289 156 6 1
442 12 4 1
474 337 7 1
271 96 12 1
328 278 3 0
191 262 4 0
440 233 8 1
439 37 12 1
467 455 6 1
163 256 9 0
537 55 11 1
489 50 7 1
267 489 11 1
160 455 10 1
314 34 7 0
290 159 1 1
82 253 7 1
63 114 17 1
304 350 4 0
113 385 3 1
360 370 13 1
500 328 4 1
398 280 11 1
540 518 9 1
63 203 10 1
369 160 8 1
28 92 5 1
75 287 12 1
271 498 15 1
325 3 3 1
451 409 3 1
37 149 13 1
86 459 16 1
246 433 9 1
267 83 11 1
158 42 7 1
37 175 10 1
23 87 5 1
171 374 7 1
157 87 12 1
99 407 3 1
188 300 4 0
179 353 8 1
66 323 10 1
154 526 9 0
89 65 4 0
534 354 1 0
383 81 8 0
39 74 12 1
424 192 8 1
6 21 6 0
352 161 14 1
514 200 6 0
31 456 14 1
268 19 5 1
354 24 2 1
50 412 9 1
148 25 8 1
379 447 7 1
474 200 9 1
432 524 8 1
412 261 13 1
10 510 7 1
483 21 5 0
543 124 7 1
502 312 6 1
212 484 7 1
336 373 9 0
130 6 10 1
85 465 7 1
153 144 11 1
508 129 10 1
11 297 10 1
326 445 7 0
412 207 7 1
308 511 6 1
96 153 13 1
245 505 11 1
347 386 14 1
249 372 3 0
136 532 9 1
21 541 14 1
154 489 9 1
382 163 2 0
438 419 7 1
240 90 5 1
379 28 14 1
121 20 2 0
424 148 9 1
68 140 6 0
348 173 6 1
542 215 8 1
215 277 10 1
445 221 3 0
275 2 8 1
541 513 8 0
343 429 11 1
213 349 7 1
86 428 6 1
325 448 12 1
186 330 5 1
399 29 9 1
458 455 2 1
357 490 15 1
287 380 5 1
473 295 7 1
124 422 8 0
22 115 9 1
238 54 13 1
436 223 15 1
109 228 1 1
191 93 2 0
172 512 10 1
187 541 5 0
505 450 5 0
513 148 3 1
472 241 9 1
260 179 3 1
298 61 7 1
209 486 6 0
331 182 2 0
65 375 1 0
252 388 6 0
79 237 7 1
26 153 11 1
487 536 10 1
496 438 4 1
38 67 7 1
218 119 12 1
53 327 2 1
534 309 9 1
114 308 6 1
46 396 10 1
282 224 3 1
64 315 6 1
507 349 5 1
260 300 13 1
212 249 8 1
402 117 1 0
542 225 13 1
282 112 12 1
168 503 8 1
397 462 3 0
372 294 12 1
94 534 7 1
410 210 14 1
317 73 14 1
449 337 3 0
17 239 9 1
498 22 5 0
248 232 9 1
33 278 9 1
192 25 8 1
304 146 15 1
71 326 8 0
184 448 5 1
319 497 9 0
390 405 5 1
334 1 9 1
383 481 9 1
187 426 4 1
338 77 8 1
372 440 4 1
240 339 4 1
371 270 13 1
528 67 9 1
320 478 5 1
71 221 8 1
387 254 11 1
306 268 12 1
380 92 6 1
473 126 13 1
223 293 2 1
401 537 9 1
193 349 9 1
305 382 12 1
62 20 8 1
199 355 8 1
331 30 7 1
519 155 3 1
40 343 14 1
417 340 8 1
399 444 3 0
290 116 10 1
148 133 4 1
447 92 11 1
318 390 14 1
86 437 5 1
536 369 11 1
335 331 6 1
362 85 10 1
132 44 5 1
99 319 11 1
467 49 12 1
472 291 7 0
6 54 10 1
441 480 7 1
104 98 5 1
381 327 14 1
423 531 12 1
149 468 13 1
299 468 10 1
235 375 6 0
483 234 2 1
61 201 8 1
483 238 11 1
78 248 9 1
76 261 3 0
492 40 9 0
381 53 2 0
52 56 13 1
296 465 9 0
345 239 3 1
333 549 7 1
105 540 10 1
118 385 3 1
308 184 8 0
433 521 6 1
365 262 6 1
530 442 13 1
456 466 7 1
116 533 9 1
160 255 5 1
89 36 8 1
237 226 1 0
22 26 12 1
247 345 13 1
60 128 6 0
107 459 11 1
431 60 9 1
473 432 1 0
87 331 15 1
401 273 11 1
489 214 7 1
338 395 8 0
178 449 9 1
416 549 4 1
427 281 16 1
129 546 8 0
426 544 7 1
533 140 9 1
122 135 14 1
291 80 5 1
446 236 7 1
399 242 17 1
208 289 10 1
462 81 15 1
138 460 13 1
510 57 2 0
281 274 9 1
532 53 1 0
80 67 12 1
383 129 6 1
334 16 9 1
213 506 5 1
433 50 17 1
238 450 11 1
101 153 14 1
47 542 13 1
219 470 10 1
140 146 10 1
119 514 16 1
89 420 8 1
138 263 9 1
144 59 9 0
275 164 14 1
467 224 5 1
526 95 8 1
468 382 7 0
458 282 11 1
358 431 9 0
415 34 7 0
412 499 10 1
241 475 8 1
145 460 9 1
493 461 7 1
34 14 10 1
136 436 2 0
355 462 10 1
451 423 13 1
547 352 1 0
452 69 9 1
158 67 10 1
52 125 9 1
269 168 15 1
21 488 8 1
259 256 8 0
520 3 10 1
198 169 6 1
318 361 4 0
203 73 11 1
76 499 13 1
248 257 5 1
432 366 5 1
325 228 7 1
116 231 9 1
383 230 13 1
380 469 10 1
259 11 9 1
109 268 9 1
45 348 7 1
390 14 6 1
398 164 11 1
441 420 9 0
74 405 2 0
272 186 9 1
55 104 9 1
325 482 2 0
273 129 9 1
485 147 9 1
147 490 8 1
38 165 7 1
198 434 2 1
216 86 5 0
343 268 8 1
466 241 8 1
3 482 10 1
5 260 14 1
541 424 4 1
105 259 14 1
241 166 4 1
481 378 8 1
525 508 1 0
364 417 1 0
289 46 12 1
139 422 9 1
98 447 1 1
349 111 5 0
135 220 9 1
366 315 8 0
269 103 2 1
401 546 10 1
314 97 6 1
78 119 11 1
467 255 15 1
344 429 4 0
288 242 7 1
543 389 17 1
12 90 2 0
129 55 9 1
193 15 3 1
160 215 6 0
181 207 6 1
92 358 7 0
227 403 10 1
85 45 13 1
430 423 5 1
550 291 10 1
140 82 8 0
510 80 4 0
420 347 1 1
211 37 14 1
24 29 10 1
434 188 9 1
69 547 3 0
376 326 7 1
85 37 11 1
178 474 6 1
429 17 6 1
516 542 2 0
475 463 11 1
411 402 2 1
129 222 7 1
152 107 10 1
79 377 6 1
176 471 14 1
180 331 9 1
383 370 13 1
311 485 15 1
214 181 1 1
349 353 12 1
281 142 9 1
496 60 4 0
129 265 10 1
293 72 8 1
305 534 10 1
135 517 7 1
529 28 4 0
92 84 11 1
426 515 12 1
91 240 3 1
320 433 16 1
440 140 14 1
530 209 7 1
4 5 6 1
246 478 8 0
418 480 11 1
219 6 3 0
308 73 8 1
351 193 4 1
492 109 1 1
412 391 10 1
190 286 1 1
411 353 4 1
309 242 6 1
520 40 1 0
441 189 10 1
46 246 2 0
373 113 7 1
244 16 9 1
137 496 1 1
6 61 4 1
266 89 8 1
447 469 5 1
225 509 5 1
306 286 4 1
522 439 11 1
372 231 9 1
189 480 8 1
423 522 6 1
508 401 12 1
294 68 4 1
162 298 9 1
151 435 3 1
345 32 5 1
451 362 8 0
356 185 12 1
468 305 7 1
418 530 15 1
123 374 13 1
361 405 3 1
384 331 4 1
507 402 7 1
312 428 11 1
3 228 8 1
281 404 10 1
95 356 8 1
64 326 9 1
261 123 7 0
303 272 8 1
303 137 14 1
414 41 12 1
339 138 13 1
397 360 13 1
434 4 5 1
320 408 2 1
59 119 11 1
186 301 9 1
210 254 6 1
267 478 1 1
20 369 5 1
28 447 6 1
55 394 3 1
535 198 12 1
508 81 6 1
19 345 6 1
169 385 6 1
379 476 10 1
16 1 8 1
26 285 15 1
53 20 4 1
167 241 8 1
409 427 9 1
126 376 7 1
483 227 6 1
436 532 2 0
152 285 1 1
17 180 8 1
502 495 10 1
98 380 6 1
233 235 17 1
472 251 7 1
349 387 8 1
262 220 13 1
13 31 8 1
390 217 8 1
547 407 2 1
69 240 17 1
304 89 8 1
136 123 11 1
114 110 16 1
517 198 9 0
281 149 12 1
197 82 1 0
369 224 2 0
71 489 4 0
284 75 8 1
183 475 5 1
226 550 3 0
464 118 12 1
302 70 8 1
505 187 13 1
248 449 12 1
533 350 2 0
309 397 8 1
336 539 8 1
333 322 9 1
37 427 12 1
185 121 9 1
184 102 10 1
227 21 13 1
275 210 8 1
426 147 1 0
106 62 12 1
94 256 13 1
166 158 14 1
417 269 12 1
212 119 5 1
366 445 9 1
448 150 10 1
246 71 2 1
223 185 9 0
450 194 14 1
487 20 8 1
86 312 8 1
239 87 12 1
193 398 3 1
38 527 8 0
313 163 13 1
524 396 6 1
418 127 6 0
289 376 5 0
44 318 6 0
433 408 11 1
460 263 4 1
4 58 13 1
332 131 8 1
220 4 6 1
306 190 3 0
349 275 10 1
430 509 13 1
107 248 11 1
248 474 12 1
501 62 17 1
94 163 1 1
432 376 16 1
452 240 11 1
435 203 6 1
517 421 13 1
478 521 7 1
500 550 7 1
139 364 10 1
30 390 9 1
240 161 13 1
257 200 3 0
150 343 8 0
476 494 5 0
235 65 16 1
94 471 10 1
282 49 4 1
436 123 15 1
243 123 13 1
83 433 8 1
335 239 6 0
132 415 8 1
2 252 7 1
370 401 4 0
358 548 11 1
459 449 6 0
55 28 6 1
341 51 6 0
256 309 5 1
181 95 6 1
229 509 6 1
369 458 5 1
194 35 9 0
294 266 6 0
290 474 14 1
295 396 9 1
544 317 11 1
291 463 3 1
91 457 7 1
148 544 1 0
522 531 10 1
187 201 3 0
477 487 5 0
169 4 2 0
286 247 5 1
460 473 10 1
212 248 2 1
419 461 9 1
26 502 7 1
369 27 7 0
20 282 6 1
223 381 3 0
139 434 13 1
267 445 16 1
61 194 8 1
17 23 8 1
239 331 5 1
42 1 2 1
88 48 11 1
126 206 13 1
275 371 12 1
343 32 8 1
306 343 10 1
211 333 9 0
103 411 6 1
160 196 8 1
312 437 9 1
422 446 9 1
84 301 14 1
477 47 8 1
376 246 8 0
2 479 10 1
461 523 14 1
531 439 16 1
100 231 14 1
27 112 1 0
168 179 12 1
296 37 10 1
417 389 8 1
413 280 4 1
95 136 9 1
220 422 4 1
141 377 6 0
252 153 12 1
511 3 5 1
310 234 14 1
358 195 5 1
210 96 14 1
230 401 12 1
244 334 5 1
18 462 11 1
74 14 16 1
27 255 5 0
508 537 9 1
221 521 7 1
87 318 6 1
134 437 7 1
144 437 17 1
485 317 4 1
304 82 3 1
177 202 12 1
171 283 7 1
521 207 5 1
92 186 9 1
389 260 6 1
289 524 15 1
136 356 5 1
113 434 8 1
276 278 10 1
182 74 8 0
124 417 11 1
237 328 7 1
106 487 9 0
311 490 7 0
257 337 13 1
277 423 8 0
443 170 12 1
255 451 8 1
343 23 2 0
503 349 15 1
237 33 8 1
409 333 8 0
296 299 7 0
187 513 11 1
98 287 8 1
529 222 6 1
388 152 5 0
488 403 6 0
509 362 8 1
153 388 10 1
205 9 5 1
253 209 5 1
250 98 6 1
292 42 4 0
478 408 14 1
188 103 12 1
295 206 5 1
477 121 5 1
512 217 7 1
212 514 2 1
202 494 12 1
231 533 1 0
488 201 5 1
474 257 9 1
355 307 11 1
369 282 10 1
356 106 4 0
286 17 9 1
77 73 5 1
165 108 9 0
246 326 6 1
468 471 8 1
440 533 7 0
249 116 9 1
425 158 7 0
112 255 4 0
65 418 10 1
392 139 16 1
466 166 2 0
389 300 7 1
17 247 6 1
364 422 14 1
522 416 5 1
293 381 9 1
307 284 4 0
52 219 12 1
36 258 12 1
167 466 15 1
313 176 9 1
114 395 12 1
473 206 11 1
352 138 11 1
475 67 8 1
525 383 9 1
377 10 10 1
160 282 6 1
236 453 13 1
402 353 8 0
405 237 14 1
210 164 10 1
72 536 8 0
187 488 10 1
280 393 9 1
232 290 5 1
440 443 9 1
132 331 6 1
29 383 4 0
434 269 6 1
163 354 7 0
377 143 5 1
155 226 9 1
518 309 8 1
458 225 3 0
521 261 8 1
435 114 4 1
165 16 10 1
185 72 2 0
272 48 2 1
454 484 1 0
460 289 10 1
239 132 8 1
346 382 4 1
526 521 2 0
236 8 8 1
96 22 6 1
336 66 14 1
49 423 7 1
495 86 7 1
478 526 12 1
107 119 8 0
85 549 9 1
405 155 11 1
99 161 15 1
157 335 6 1
549 465 5 0
162 245 9 1
546 378 15 1
340 236 10 1
350 82 10 1
11 264 11 1
268 286 6 1
39 361 9 1
208 138 3 1
257 440 9 0
125 56 16 1
73 492 7 1
399 18 3 1
510 528 5 1
221 50 10 1
549 404 10 1
352 460 11 1
176 534 13 1
207 293 9 1
495 78 13 1
509 538 13 1
109 368 7 1
175 299 4 1
206 366 15 1
438 56 4 0
14 377 6 1
511 324 10 1
9 1 7 0
437 212 10 1
388 59 4 1
414 442 9 1
536 51 13 1
111 275 8 0
366 267 10 1
356 381 15 1
95 261 4 0
468 163 3 1
414 91 1 0
35 201 6 1
284 394 10 1
175 281 14 1
290 484 12 1
264 399 4 1
381 121 5 0
172 132 14 1
383 401 11 1
258 174 2 0
402 503 7 1
367 549 14 1
163 518 12 1
476 469 2 0
96 26 5 1
101 216 13 1
137 316 4 0
521 95 4 1
104 250 8 1
49 509 1 0
483 329 2 1
211 549 5 0
109 429 1 0
372 233 4 1
398 210 7 1
527 334 8 1
49 430 4 1
207 136 10 1
311 25 7 1
225 451 11 1
439 296 8 1
241 491 14 1
489 204 6 1
7 1 15 1
128 238 8 1
256 444 10 1
534 288 7 1
206 396 1 0
63 73 6 0
311 147 12 1
304 170 13 1
176 259 12 1
72 51 3 1
443 235 1 0
179 411 4 1
400 372 7 1
97 143 4 1
321 423 4 1
46 64 4 0
407 289 8 1
505 61 11 1
458 224 5 1
430 531 6 0
424 357 7 1
190 247 11 1
313 94 8 1
255 49 9 0
430 277 1 0
280 164 15 1
155 278 2 0
50 204 3 0
387 164 9 1
525 462 10 1
153 285 14 1
95 436 11 1
330 496 5 0
50 214 5 1
470 505 5 1
321 430 8 1
498 115 11 1
428 178 12 1
83 154 2 1
302 424 8 0
214 408 8 1
151 114 5 1
513 357 11 1
244 205 11 1
15 280 5 1
38 244 7 1
127 480 8 1
135 464 15 1
413 111 12 1
364 5 7 0
431 316 11 1
255 509 8 1
54 541 8 1
299 404 5 1
502 218 2 1
529 379 16 1
233 140 14 1
253 480 6 1
87 384 5 1
536 47 4 1
548 52 7 1
321 538 17 1
141 328 11 1
533 235 3 0
93 220 8 1
65 530 3 1
2 22 2 0
317 114 4 1
249 484 12 1
423 545 11 1
381 487 6 1
456 472 9 1
382 259 2 0
413 117 3 0
28 84 12 1
233 68 2 1
396 445 12 1
546 394 2 0
23 132 9 1
23 180 9 0
421 417 12 1
227 523 14 1
268 345 12 1
538 439 15 1
269 58 8 1
413 213 9 1
412 436 7 0
346 176 1 0
284 55 7 1
241 425 4 0
223 53 7 1
431 52 12 1
352 289 5 1
323 198 5 1
461 298 16 1
300 168 9 1
127 258 5 1
132 384 12 1
455 255 8 1
59 134 14 1
394 380 10 1
287 342 3 1
164 271 14 1
176 163 10 1
123 381 13 1
519 14 5 0
262 139 5 0
121 536 6 1
454 449 7 1
102 482 17 1
88 358 3 1
426 311 7 1
252 115 5 1
495 59 12 1
286 345 8 1
305 471 9 1
486 332 15 1
524 267 9 0
395 102 12 1
118 5 3 0
75 250 7 1
507 213 5 1
435 73 6 1
508 273 7 1
15 275 6 1
386 90 9 1
546 222 11 1
159 533 4 1
156 524 6 0
191 359 10 1
180 44 7 1
386 161 17 1
48 195 13 1
545 296 2 1
351 507 8 1
139 124 15 1
299 348 5 0
18 383 7 1
123 532 12 1
226 472 10 1
33 183 8 1
160 112 14 1
394 202 1 0
405 14 9 1
529 177 7 1
414 174 10 1
374 477 13 1
14 328 6 1
23 32 6 0
122 359 10 1
533 304 7 1
543 417 3 1
196 423 7 1
236 179 9 1
421 124 9 1
83 50 6 0
416 211 3 1
127 530 15 1
449 290 8 0
61 450 11 1
205 1 7 1
532 106 7 0
403 302 4 1
482 429 11 1
121 516 8 1
335 44 4 0
166 292 11 1
4 124 8 1
390 34 4 0
361 217 10 1
173 346 4 1
222 98 13 1
369 47 3 0
549 175 16 1
232 514 14 1
531 211 13 1
358 330 1 0
260 236 11 1
99 208 11 1
276 456 5 1
172 331 11 1
470 461 13 1
326 50 6 1
271 115 3 0
20 458 2 0
177 476 1 0
204 207 7 0
202 272 9 1
305 43 4 1
550 167 5 0
110 77 8 1
63 338 3 1
358 301 12 1
418 189 8 1
204 243 7 0
207 532 4 1
372 266 9 1
380 494 13 1
188 446 9 1
276 226 10 1
411 213 6 1
51 455 2 0
197 65 2 0
288 199 14 1
528 42 12 1
25 338 2 1
319 289 15 1
342 137 14 1
443 68 14 1
170 197 14 1
377 276 15 1
305 94 7 1
144 78 14 1
307 129 7 1
114 184 4 1
309 199 1 0
238 187 7 1
130 523 9 1
388 78 10 1
277 538 9 1
421 5 8 1
263 64 13 1
285 107 6 1
129 378 6 0
133 63 9 1
220 124 10 1
308 110 14 1
419 493 3 1
373 323 11 1
371 271 9 1
403 424 5 1
117 111 5 0
468 176 4 0
515 114 5 1
432 396 13 1
354 444 14 1
542 467 16 1
107 454 7 1
406 490 9 1
293 185 16 1
365 464 6 0
318 512 10 1
289 295 10 1
105 94 6 1
423 367 12 1
81 55 6 1
156 376 14 1
2 271 6 1
382 471 3 0
224 229 2 0
156 246 4 1
196 277 10 1
314 390 9 0
104 476 2 1
431 125 10 1
480 209 10 1
3 368 11 1
272 195 15 1
131 473 2 1
524 71 11 1
321 451 11 1
28 287 11 1
155 377 3 0
231 443 3 0
162 310 12 1
517 113 2 1
136 171 14 1
531 85 7 1
26 216 8 1
272 431 12 1
264 288 5 0
494 186 7 1
202 88 4 1
95 123 10 1
395 3 11 1
542 229 7 1
417 58 13 1
242 360 4 1
110 511 11 1
500 143 11 1
122 373 14 1
250 92 9 1
309 18 14 1
222 250 6 1
73 184 8 0
118 543 8 1
360 307 10 1
330 438 12 1
528 292 10 1
150 429 11 1
226 504 9 1
173 382 2 1
332 407 6 1
167 80 7 1
232 100 11 1
360 508 12 1
532 501 6 0
158 205 4 0
300 193 7 1
498 101 4 0
91 547 9 1
543 269 9 1
260 411 1 1
472 491 9 0
464 139 6 1
235 82 9 1
280 371 4 1
528 38 6 1
465 322 12 1
125 470 9 0
505 21 10 1
468 346 10 1
61 541 17 1
523 403 2 1
178 232 3 1
81 284 4 0
297 355 8 1
300 411 11 1
64 478 11 1
392 543 3 0
515 435 2 0
338 325 7 0
43 288 7 0
236 402 1 0
333 281 2 1
527 108 7 0
185 53 4 0
155 328 8 1
429 286 13 1
332 161 5 1
306 368 9 1
514 484 9 1
29 230 8 1
65 258 13 1
293 341 6 1
422 389 2 1
256 24 8 1
235 146 4 0
88 137 1 0
512 415 8 0
486 90 7 1
275 479 6 1
362 439 8 1
8 213 4 1
60 120 13 1
306 344 16 1
353 111 5 1
287 469 8 1
243 223 6 1
40 109 7 1
382 11 15 1
489 181 7 0
247 180 11 1
158 38 7 1
27 225 7 0
212 449 4 0
533 170 12 1
453 351 8 1
15 387 13 1
416 409 7 0
273 284 1 0
142 468 8 0
183 80 10 1
97 276 10 1
231 304 6 1
503 506 5 1
469 137 6 0
348 305 15 1
279 24 8 1
445 526 5 0
277 362 13 1
373 135 11 1
340 103 10 1
159 294 9 1
134 107 13 1
444 360 11 1
391 243 5 1
300 507 7 0
120 483 6 0
224 49 1 0
55 250 13 1
447 303 1 1
143 456 5 1
370 265 7 1
428 212 6 1
238 21 13 1
252 285 14 1
481 307 8 1
172 30 7 1
523 488 6 0
176 11 12 1
53 516 12 1
400 200 7 1
262 421 12 1
204 408 7 1
402 506 14 1
103 300 9 1
202 469 4 0
407 295 7 1
448 190 11 1
253 414 11 1
475 292 10 1
354 309 7 1
127 452 15 1
146 375 3 1
430 367 8 1
285 78 15 1
384 361 10 1
433 412 12 1
76 207 9 1
49 522 7 1
68 235 11 1
199 29 5 1
471 534 7 1
75 476 14 1
113 4 2 1
98 202 9 1
102 325 13 1
88 342 6 1
109 343 5 1
239 384 2 1
14 276 7 1
46 366 11 1
508 230 9 0
70 25 3 1
282 455 1 1
251 491 2 1
149 105 4 1
502 86 13 1
301 52 8 1
243 499 7 1
507 411 11 1
389 236 6 1
117 15 4 1
70 148 5 1
127 347 14 1
336 323 2 0
528 527 5 0
335 87 14 1
359 421 4 1
322 313 3 0
15 254 13 1
3 150 8 0
44 314 15 1
462 265 2 1
438 125 9 1
367 545 3 0
141 504 5 1
360 230 9 1
240 352 11 1
181 261 8 1
17 172 5 1
153 115 5 1
25 490 5 0
354 264 2 0
124 188 6 1
366 326 11 1
435 308 9 1
130 245 11 1
304 266 7 1
327 282 8 1
421 118 7 1
140 170 11 1
95 76 7 1
372 68 5 0
282 196 8 0
401 81 3 1
223 62 9 1
547 208 3 0
345 335 2 0
214 204 12 1
167 251 14 1
104 28 7 1
428 119 12 1
134 454 8 1
419 470 13 1
235 441 3 0
202 92 7 1
288 525 8 1
230 273 9 1
201 357 6 1
432 46 4 0
164 153 14 1
125 60 9 0
84 303 10 1
417 260 15 1
255 215 2 0
167 291 1 0
191 113 1 1
404 176 13 1
43 354 7 0
61 21 8 1
409 296 10 1
85 175 15 1
75 98 11 1
40 429 8 0
346 163 14 1
444 508 3 0
435 338 9 1
347 486 14 1
141 226 11 1
66 135 14 1
437 428 5 1
425 57 13 1
145 407 3 1
118 124 9 1
450 403 9 0
399 24 12 1
266 235 7 1
24 360 7 1
439 85 12 1
197 89 15 1
427 299 7 0
143 550 8 1
225 49 3 0
300 179 9 1
497 46 5 0
195 52 9 1
433 214 3 0
197 441 13 1
137 330 6 1
290 514 7 1
294 82 11 1
429 345 12 1
7 363 9 1
113 392 14 1
41 386 2 0
105 471 10 1
342 548 7 0
272 330 9 1
376 83 16 1
368 17 4 1
391 499 11 1
373 517 11 1
281 173 8 1
220 118 7 1
148 515 3 1
192 544 1 0
107 232 7 1
39 415 10 1
404 346 6 1
14 155 3 0
516 51 8 1
183 241 4 1
501 381 4 1
107 449 9 1
136 293 12 1
189 41 8 1
277 409 5 1
209 91 7 1
72 516 11 1
66 93 11 1
75 447 11 1
511 109 13 1
12 145 8 1
472 80 14 1
315 83 9 1
459 232 9 1
34 155 6 1
330 419 3 1
138 206 15 1
232 484 12 1
374 185 1 1
375 418 12 1
195 496 6 1
410 371 9 1
37 142 11 1
335 384 13 1
365 323 2 0
481 537 1 0
423 439 11 1
60 162 9 1
171 53 6 1
342 431 4 0
273 265 6 0
400 440 8 0
209 457 9 0
319 524 15 1
538 416 9 1
327 542 3 1
474 159 7 1
341 121 5 0
530 91 2 1
470 120 6 1
192 147 4 0
445 320 11 1
143 278 6 1
292 363 9 1
229 522 4 1
322 45 5 1
64 83 3 1
24 525 2 1
329 302 11 1
281 346 11 1
442 332 8 1
54 488 9 0
443 304 11 1
550 472 4 1
431 438 11 1
43 518 14 1
85 427 7 1
39 44 8 0
121 369 8 1
128 245 8 1
455 224 11 1
299 142 8 1
49 538 5 1
199 397 2 0
479 96 10 1
19 23 12 1
244 165 4 0
183 291 13 1
466 475 12 1
407 126 11 1
376 267 1 0
162 219 13 1
328 377 11 1
91 69 3 1
337 372 12 1
384 182 4 0
309 399 5 1
215 423 5 1
495 152 9 1
433 489 3 0
71 478 15 1
284 250 10 1
192 70 7 1
150 190 12 1
512 361 4 1
542 455 6 0
175 404 16 1
324 109 5 0
303 431 14 1
170 65 4 1
378 55 16 1
117 410 5 1
68 304 1 0
64 71 4 0
367 333 11 1
362 296 12 1
447 202 12 1
208 263 9 1
58 168 9 0
78 449 7 1
83 320 6 1
379 104 12 1
276 33 12 1
84 88 14 1
162 120 10 1
19 132 6 1
66 191 10 1
315 326 17 1
244 9 8 1
393 479 13 1
474 372 12 1
199 360 11 1
504 491 7 0
321 509 1 0
434 422 9 1
62 487 9 1
436 293 3 1
48 330 5 0
56 120 9 0
202 303 10 1
285 134 10 1
404 142 5 1
124 446 10 1
418 347 4 1
258 347 9 0
92 494 10 1
273 81 12 1
52 470 7 1
315 320 5 1
194 201 7 1
30 314 15 1
17 335 7 1
424 147 9 1
281 468 3 0
186 431 6 1
346 540 16 1
124 269 8 0
45 105 11 1
467 112 6 0
219 483 10 1
174 332 2 1
501 106 11 1
363 9 7 1
255 423 9 1
210 22 3 0
389 103 5 1
208 407 9 1
54 194 12 1
86 134 8 1
463 67 6 1
370 537 8 1
198 392 7 1
274 540 11 1
219 245 9 1
310 6 5 0
290 100 6 0
368 247 6 1
5 188 16 1
544 490 9 1
62 121 8 0
188 340 7 1
479 270 8 0
35 426 10 1
520 325 2 1
514 337 9 1
490 110 4 1
132 30 14 1
204 76 5 1
378 98 7 1
297 199 6 0
397 29 17 1
444 383 3 1
116 440 9 1
68 146 5 1
351 413 8 1
263 432 3 0
26 115 10 1
513 311 8 1
250 84 3 1
511 482 4 0
98 469 1 0
507 503 7 1
123 356 11 1
376 315 7 0
187 194 9 1
546 104 6 1
90 473 1 0
479 101 15 1
330 56 6 1
286 172 1 1
97 155 4 0
224 430 3 0
11 279 13 1
87 182 10 1
470 130 3 1
213 353 4 1
534 297 11 1
355 481 7 1
46 326 10 1
306 429 13 1
350 89 1 1
312 459 10 1
57 363 9 1
44 390 17 1
389 168 6 1
186 48 11 1
6 329 7 1
439 333 7 1
368 19 12 1
548 56 9 1
400 304 7 1
439 175 1 0
164 270 12 1
482 344 5 0
180 318 13 1
243 136 1 1
456 183 8 1
310 120 5 0
200 294 2 0
268 32 12 1
207 374 8 1
510 38 5 1
116 372 2 0
519 31 9 1
101 152 10 1
152 86 5 0
487 27 4 1
538 367 13 1
226 291 11 1
351 213 9 1
100 200 7 1
356 293 14 1
301 137 13 1
501 53 3 1
457 161 6 1
380 342 13 1
495 437 8 1
40 150 13 1
486 339 13 1
316 496 5 1
265 104 10 1
200 140 7 1
162 128 5 0
473 263 4 1
405 31 12 1
487 51 10 1
508 481 8 1
199 18 12 1
415 217 6 1
274 163 12 1
521 181 9 1
263 206 6 1
530 41 5 1
120 238 7 1
258 189 3 0
59 437 2 0
90 145 5 0
471 354 13 1
53 121 11 1
404 173 8 1
234 61 4 1
70 406 8 1
267 320 6 1
64 246 8 0
200 372 7 1
137 125 8 1
186 438 8 1
72 341 8 0
373 464 6 1
490 151 7 0
196 430 12 1
320 214 9 0
82 420 10 1
478 214 12 1
482 109 6 1
542 224 10 1
258 41 14 1
109 190 17 1
398 479 9 1
349 398 7 0
73 448 12 1
331 314 9 1
208 497 10 1
311 515 7 0
170 441 8 1
532 223 9 1
406 317 16 1
534 264 7 1
106 53 16 1
383 273 12 1
525 481 7 1
67 42 13 1
537 284 10 1
335 39 14 1
141 143 4 1
34 13 15 1
232 337 8 1
518 444 6 1
265 284 4 0
257 100 15 1
502 388 8 1
67 9 13 1
464 364 13 1
150 268 11 1
30 182 7 1
528 7 7 0
477 51 16 1
500 276 4 0
161 473 11 1
52 310 5 0
273 529 8 1
46 524 15 1
28 202 7 0
375 420 6 0
155 456 14 1
499 293 8 1
309 264 7 1
405 79 2 1
215 509 8 1
282 255 8 1
107 290 9 1
202 380 12 1
539 122 12 1
406 133 9 1
434 5 5 1
270 101 4 0
276 550 8 1
446 8 16 1
246 489 9 0
56 130 11 1
166 425 14 1
175 173 5 1
184 324 7 1
140 89 9 0
255 277 7 0
99 352 12 1
82 127 9 1
188 58 14 1
145 161 6 1
111 210 2 0
495 134 4 0
357 147 11 1
7 108 9 1
271 216 2 0
180 39 9 1
260 8 10 1
480 174 6 1
404 468 8 1
274 305 15 1
543 58 7 1
359 517 10 1
323 113 10 1
420 480 6 0
189 414 5 0
471 518 7 0
64 267 14 1
360 481 9 1
388 285 11 1
404 313 4 1
403 311 6 1
119 449 2 1
302 513 4 1
199 508 10 1
80 57 9 1
135 392 8 1
258 530 8 0
435 77 11 1
225 255 14 1
477 20 10 1
290 249 3 0
166 244 7 1
75 177 9 1
190 19 4 1
301 316 14 1
531 409 8 0
316 52 10 1
533 68 6 1
326 267 7 1
514 257 9 0
273 222 8 1
341 536 14 1
281 348 8 1
504 472 12 1
23 335 9 1
47 225 5 0
115 59 14 1
17 32 3 1
496 419 5 1
462 537 9 0
442 386 15 1
415 405 12 1
503 193 5 0
216 502 1 0
534 518 2 0
393 164 15 1
154 214 11 1
69 386 7 1
215 522 4 0
396 154 6 1
356 171 9 1
283 62 15 1
459 248 3 0
238 61 11 1
395 324 8 1
511 325 9 1
298 329 7 1
494 342 2 0
289 497 6 1
365 373 7 0
228 150 2 1
173 313 2 1
505 488 7 1
449 232 2 1
145 289 5 1
262 517 4 1
469 303 9 1
53 487 8 1
501 121 8 1
4 269 7 1
55 75 14 1
211 439 6 0
57 165 6 1
526 412 3 0
336 365 6 1
548 60 7 1
258 414 9 1
184 395 10 1
267 214 11 1
297 242 9 1
424 406 7 1
496 52 11 1
470 298 7 1
349 117 7 0
368 268 3 0
480 442 9 1
373 198 9 1
34 519 13 1
396 326 15 1
12 332 8 1
296 175 5 0
506 111 8 1
279 518 6 1
151 77 9 1
318 74 7 1
236 300 7 0
477 369 15 1
96 502 12 1
33 143 8 1
340 389 15 1
534 256 7 0
372 443 8 1
455 196 10 1
465 149 11 1
389 351 7 1
168 402 4 1
527 205 5 1
69 99 11 1
326 478 9 1
202 84 5 1
482 150 11 1
540 279 6 1
267 154 16 1
200 68 10 1
421 4 3 1
442 547 13 1
241 463 12 1
462 481 4 1
116 233 16 1
427 322 5 1
40 344 8 1
22 495 12 1
105 346 13 1
243 207 14 1
246 320 10 1
469 330 9 0
537 104 12 1
81 222 1 0
504 510 8 1
438 60 5 0
310 470 14 1
396 366 6 1
109 344 1 1
332 208 14 1
464 169 3 0
268 23 4 1
522 538 11 1
151 63 7 1
375 480 9 1
461 234 7 1
475 528 6 1
32 87 12 1
164 96 5 1
397 508 5 1
130 238 9 1
515 203 11 1
465 427 12 1
539 359 3 0
262 113 8 1
135 113 8 1
278 472 4 1
128 470 15 1
395 306 9 1
457 407 4 0
6 450 9 0
547 90 15 1
525 355 5 0
24 355 12 1
468 94 10 1
34 405 9 1
404 149 5 1
2 101 17 1
62 51 7 0
117 506 13 1
343 247 9 1
93 135 13 1
487 369 11 1
269 300 9 1
31 33 2 1
463 527 15 1
85 281 9 1
160 467 9 1
2 96 10 1
433 181 9 0
349 506 7 1
453 8 6 1
543 340 6 1
302 426 9 1
227 450 8 1
249 100 10 1
293 62 5 0
323 517 5 0
203 77 4 1
87 361 14 1
67 363 4 1
339 145 7 1
297 24 7 1
209 240 11 1
131 156 5 0
174 486 5 0
538 545 14 1
419 162 14 1
420 418 10 1
544 114 15 1
469 358 11 1
259 540 13 1
335 172 5 1
117 353 3 0
415 314 12 1
499 136 16 1
461 6 9 1
79 14 8 0
519 13 4 1
241 528 10 1
152 437 7 1
307 265 8 0
524 326 7 1
522 211 10 1
242 230 3 1
531 333 7 0
114 73 4 1
22 388 8 1
71 433 4 1
131 497 7 0
293 106 2 1
362 465 6 1
84 469 11 1
461 54 8 1
285 59 7 1
170 36 7 1
54 302 5 1
201 406 9 1
253 258 9 0
447 342 17 1
138 126 13 1
124 260 10 1
122 323 10 1
280 254 11 1
250 287 4 1
259 279 3 1
447 380 10 1
50 95 5 0
442 486 5 1
288 297 8 1
533 443 5 1
492 448 3 0
499 501 4 0
446 103 8 1
178 454 2 0
295 46 2 0
499 356 10 1
301 548 3 1
441 418 15 1
41 457 11 1
72 487 4 0
296 85 5 1
393 254 5 1
421 422 2 1
375 452 9 1
56 128 6 1
476 88 6 1
414 452 1 0
537 378 15 1
269 236 13 1
157 23 9 1
119 249 9 1
48 438 8 1
243 171 13 1
502 285 7 1
96 115 7 0
71 267 6 1
78 454 9 1
349 280 10 1
85 404 4 0
186 137 9 1
168 453 7 1
332 339 9 1
59 78 9 1
488 311 15 1
509 423 10 1
314 79 4 1
286 180 14 1
147 515 11 1
104 177 8 1
489 221 2 0
194 426 10 1
245 234 7 0
288 360 8 1
467 215 4 1
506 410 7 1
354 399 16 1
299 149 11 1
77 184 9 1
541 192 4 1
397 401 7 1
442 240 4 1
458 196 8 1
89 258 4 1
221 95 17 1
15 393 7 1
181 243 11 1
171 501 8 1
491 475 13 1
140 441 7 1
26 388 9 1
213 275 6 1
76 123 9 0
197 36 6 1
328 143 3 0
295 64 7 0
315 433 4 0
182 405 16 1
330 548 14 1
98 92 9 1
222 75 3 1
158 292 3 1
535 135 9 1
523 194 9 1
56 219 9 1
541 70 11 1
99 460 1 1
314 217 3 1
401 265 5 0
195 60 13 1
319 126 10 1
467 196 11 1
219 298 6 1
440 294 10 1
127 209 6 1
529 104 12 1
258 209 10 1
449 484 4 1
386 339 13 1
390 79 4 1
471 279 9 1
224 215 10 1
458 467 5 1
77 324 11 1
115 152 17 1
187 302 7 0
161 497 7 0
452 347 15 1
82 375 12 1
294 350 1 0
457 90 11 1
402 193 9 1
259 534 5 1
217 237 7 1
359 113 8 1
494 358 8 1
103 351 10 1
291 251 6 1
287 494 7 0
59 428 10 1
480 41 6 1
313 259 12 1
386 352 16 1
166 463 7 1
515 133 10 1
318 415 10 1
441 127 10 1
341 47 9 0
420 452 7 1
445 204 6 0
237 500 8 0
517 392 6 1
3 109 9 1
62 327 6 1
90 161 6 1
549 348 12 1
357 63 13 1
27 542 6 1
459 119 14 1
78 459 6 1
468 274 10 1
401 481 11 1
375 189 9 1
497 263 5 1
509 522 12 1
362 549 11 1
243 356 12 1
119 232 12 1
316 60 9 1
274 382 13 1
174 386 5 1
239 44 10 1
405 500 13 1
359 464 6 0
360 355 14 1
550 278 8 1
470 483 15 1
106 121 3 1
83 478 9 1
51 27 9 1
220 421 2 0
489 526 3 0
550 456 8 1
166 57 8 1
58 389 15 1
33 10 16 1
333 299 5 1
260 351 8 0
69 339 11 1
52 419 3 0
520 324 9 1
337 100 11 1
11 518 17 1
452 174 14 1
147 133 10 1
41 12 9 1
23 39 13 1
387 210 7 1
110 324 13 1
294 304 1 0
264 397 17 1
248 100 2 0
41 442 9 1
56 60 3 0
402 413 12 1
496 310 8 1
5 389 6 1
441 253 6 1
73 395 8 1
402 111 12 1
106 536 14 1
436 106 12 1
333 37 8 1
199 462 4 0
476 84 12 1
393 371 13 1
456 278 9 1
8 507 14 1
443 294 6 0
123 501 5 1
92 303 5 1
48 52 2 0
526 391 3 1
351 411 8 1
459 212 11 1
253 452 7 1
123 293 10 1
351 117 7 1
251 166 10 1
156 366 15 1
402 410 8 1
28 88 10 1
33 550 13 1
132 39 16 1
184 492 1 0
225 321 15 1
110 325 1 1
323 169 9 1
165 7 10 1
170 375 17 1
182 415 10 1
484 257 3 0
447 494 13 1
216 152 10 1
430 451 7 1
208 473 10 1
487 458 16 1
29 370 17 1
422 103 2 0
453 213 4 1
139 118 6 0
32 44 1 1
376 64 7 1
255 321 8 1
256 297 8 1
220 434 10 1
332 90 4 0
185 487 5 1
157 19 9 1
423 538 13 1
4 340 9 1
373 191 11 1
149 313 8 1
217 14 3 0
236 351 6 0
475 527 6 0
205 363 9 1
459 249 7 1
125 219 14 1
270 26 9 0
206 524 6 1
490 133 12 1
158 528 14 1
58 351 7 1
238 329 9 1
45 281 10 1
101 502 9 1
511 40 4 0
106 341 9 1
365 66 11 1
128 130 7 0
189 91 4 0
385 124 4 1
18 355 10 1
435 110 15 1
256 264 4 0
468 105 3 1
131 460 10 1
27 282 1 1
139 543 8 0
248 514 10 1
377 456 16 1
269 260 4 1
232 257 8 1
378 250 13 1
195 56 11 1
397 525 14 1
487 516 6 1
548 431 13 1
187 424 3 1
414 209 6 1
270 498 10 1
146 418 7 1
337 400 7 1
373 262 9 1
216 285 7 1
176 305 3 1
146 441 12 1
435 520 11 1
327 458 8 1
488 541 14 1
549 37 2 1
234 505 3 0
211 465 5 1
448 344 1 0
328 504 16 1
540 264 1 0
198 421 6 1
57 42 12 1
515 308 6 0
357 151 10 1
41 240 9 1
93 359 6 1
42 363 11 1
206 376 16 1
65 420 9 1
249 474 11 1
80 166 5 0
177 380 13 1
454 249 17 1
141 456 13 1
376 396 14 1
268 335 2 0
178 290 13 1
348 176 1 1
235 197 11 1
506 15 12 1
406 544 1 0
411 117 4 1
168 351 13 1
3 448 10 1
14 237 6 1
140 350 7 1
518 264 7 0
274 259 8 1
353 210 11 1
310 298 10 1
354 288 9 1
72 477 3 0
233 266 3 1
71 320 5 0
210 2 6 1
544 515 9 0
418 414 10 1
443 266 1 0
36 375 15 1
239 182 2 0
183 166 7 1
347 209 3 0
270 216 5 1
411 506 7 0
97 500 6 1
218 437 5 0
338 73 5 0
379 177 12 1
66 517 7 1
516 458 9 0
456 291 11 1
480 69 6 1
370 481 4 1
513 485 2 1
518 288 13 1
6 523 8 1
434 124 12 1
380 358 5 1
113 118 10 1
364 269 9 1
19 335 3 0
90 407 11 1
326 154 4 0
221 408 7 1
141 550 6 0
14 500 9 0
182 519 17 1
79 141 7 1
333 465 11 1
312 78 17 1
389 446 6 0
340 453 6 1
280 271 6 1
420 530 7 1
66 359 10 1
185 341 11 1
419 310 1 0
363 1 7 1
188 269 8 1
21 513 10 1
526 408 14 1
10 80 6 1
497 206 6 0
18 370 7 1
488 35 11 1
168 8 6 1
360 383 1 1
501 283 11 1
149 382 13 1
278 510 9 1
436 374 3 1
212 290 3 1
266 170 7 1
234 329 3 1
55 476 8 1
288 397 11 1
207 436 9 0
354 242 15 1
520 448 8 1
342 330 16 1
274 11 14 1
374 72 10 1
96 216 6 1
357 515 9 1
157 132 8 0
209 332 6 0
377 472 6 1
371 498 5 1
307 81 9 1
454 232 2 0
207 223 5 1
70 151 6 0
484 159 7 1
275 254 9 1
457 339 5 1
506 353 3 1
198 118 6 1
382 256 4 1
499 171 7 0
20 467 7 1
319 295 16 1
247 157 10 1
137 438 9 1
518 24 9 1
87 39 15 1
407 460 8 1
263 366 9 1
62 536 7 1
282 229 10 1
39 182 10 1
174 12 14 1
368 157 10 1
423 211 6 1
260 453 9 1
95 207 9 1
500 155 7 1
280 210 11 1
216 59 12 1
328 226 2 1
537 529 5 1
220 364 10 1
318 217 15 1
512 405 7 1
73 3 8 0
229 538 8 1
44 182 9 0
98 84 6 1
392 364 4 1
231 266 4 1
321 362 7 0
115 86 2 0
303 548 15 1
93 464 5 0
348 274 14 1
316 438 4 1
185 62 11 1
492 482 8 1
178 249 6 0
68 266 9 1
134 428 5 1
515 317 3 0
222 287 17 1
133 203 5 1
278 183 13 1
372 140 13 1
196 451 12 1
278 10 8 1
262 118 14 1
208 131 15 1
498 153 9 1
498 216 8 1
109 17 7 1
389 8 6 1
251 38 2 0
54 187 14 1
111 15 14 1
186 548 5 1
310 461 8 1
496 56 4 1
485 63 8 1
516 467 12 1
437 119 4 0
203 114 10 1
170 350 4 1
102 511 4 0
484 116 5 1
377 226 12 1
305 259 10 1
362 367 1 0
162 493 9 1
428 232 6 0
44 74 8 1
517 118 14 1
106 283 12 1
114 102 9 1
60 245 2 1
69 332 12 1
426 485 10 1
476 92 15 1
529 394 12 1
298 523 14 1
219 310 9 1
89 530 11 1
484 100 7 1
277 367 7 1
338 511 1 1
353 15 4 0
517 169 13 1
498 502 9 1
18 360 13 1
238 523 15 1
31 377 6 1
432 71 15 1
310 130 13 1
133 77 12 1
3 306 8 0
369 467 10 1
344 268 10 1
6 505 12 1
6 238 5 1
491 158 3 0
376 366 2 0
452 442 8 0
217 405 1 0
35 192 15 1
175 468 8 1
488 426 1 0
362 409 4 0
502 144 11 1
203 110 9 0
37 281 7 1
121 327 10 1
517 364 13 1
488 302 1 0
505 194 3 1
337 231 3 0
7 16 8 0
340 58 5 1
412 95 8 1
542 282 12 1
307 222 17 1
487 327 7 1
490 308 3 1
451 531 8 1
432 246 10 1
94 43 6 0
301 330 9 1
265 394 8 0
469 48 3 1
152 312 11 1
104 287 4 0
403 70 6 1
381 62 11 1
495 144 10 1
135 262 15 1
435 395 11 1
400 231 9 1
326 489 13 1
350 420 6 1
506 371 8 1
198 139 2 1
491 80 8 1
275 387 8 1
136 374 7 1
25 63 1 0
535 517 13 1
320 489 9 1
377 504 8 1
116 200 8 1
292 7 8 0
66 262 14 1
445 50 8 0
391 436 7 1
499 532 11 1
431 195 7 0
162 461 4 1
313 105 11 1
417 188 10 1
138 319 3 1
488 513 13 1
278 251 7 0
476 202 7 1
403 541 6 1
21 302 11 1
39 331 17 1
34 500 13 1
33 167 14 1
474 400 14 1
306 228 10 1
287 92 8 1
470 245 11 1
431 496 9 1
387 2 11 1
60 470 5 0
345 172 13 1
538 362 2 1
473 289 5 0
53 72 7 0
97 237 11 1
176 382 11 1
367 439 1 0
531 367 9 1
69 12 7 1
373 359 11 1
274 534 7 1
439 545 7 0
324 344 9 1
219 128 5 1
419 60 7 0
242 525 1 0
364 124 3 1
515 63 16 1
535 323 11 1
422 269 3 0
124 5 10 1
394 447 11 1
261 243 9 1
224 225 5 0
215 451 6 1
149 142 13 1
449 100 4 0
99 145 8 1
500 377 7 0
152 144 2 0
154 478 4 1
426 406 16 1
183 510 1 0
104 447 8 1
170 89 9 1
62 516 5 1
543 446 14 1
382 540 7 0
475 57 4 1
142 105 13 1
387 270 7 1
178 514 13 1
546 75 4 0
381 536 2 1
93 262 16 1
57 67 7 1
129 529 4 1
212 454 7 0
150 368 10 1
406 515 11 1
525 401 4 0
523 450 2 1
522 296 9 0
426 192 7 0
166 528 14 1
523 541 5 0
433 221 2 0
234 21 11 1
106 72 7 1
295 376 1 1
387 271 15 1
512 74 7 1
58 103 7 1
30 519 6 1
64 320 7 1
235 89 15 1
378 177 13 1
406 151 1 0
463 244 8 1
182 390 9 1
179 349 2 0
127 189 10 1
135 359 8 1
358 48 7 0
213 15 11 1
32 39 3 1
314 237 5 0
533 294 3 1
268 157 11 1
117 387 12 1
429 268 3 0
31 143 5 1
404 105 8 1
172 239 5 0
149 346 1 0
222 28 8 1
283 327 10 1
150 17 10 1
357 25 10 1
94 354 3 1
192 148 11 1
277 211 1 0
486 386 10 1
272 548 5 0
37 299 7 1
268 180 9 1
151 133 7 1
156 315 6 1
171 106 9 0
505 329 4 1
545 549 3 1
418 253 5 0
217 13 9 1
346 94 9 1
251 425 12 1
348 149 6 1
129 537 10 1
529 284 6 0
234 450 10 1
525 29 9 0
143 183 15 1
450 424 9 1
105 382 10 1
465 281 10 1
178 484 7 1
184 325 14 1
187 403 9 1
517 220 6 1
193 506 8 1
491 38 10 1
298 483 2 0
150 247 13 1
116 294 5 1
326 320 4 1
407 131 10 1
158 57 17 1
127 41 13 1
335 180 12 1
82 36 4 1
371 2 5 1
408 412 7 1
374 62 3 1
458 542 14 1
460 497 5 1
271 101 17 1
52 493 4 0
70 485 15 1
280 275 10 1
355 273 11 1
123 223 2 0
503 410 1 0
117 393 7 0
79 31 8 1
174 457 1 0
375 258 12 1
212 232 2 1
541 302 1 0
103 402 17 1
48 548 4 1
81 537 3 1
492 150 10 1
214 412 8 1
188 389 6 1
90 208 1 0
359 220 12 1
545 465 9 1
243 532 2 0
67 527 8 1
292 9 11 1
282 467 11 1
20 542 4 1
304 140 7 0
513 426 4 1
288 399 2 1
13 141 14 1
19 239 5 1
262 169 7 0
76 356 9 1
306 109 6 1
267 50 12 1
317 520 10 1
25 308 7 1
263 376 5 0
326 433 7 1
332 145 9 1
175 149 10 1
236 411 6 0
161 460 12 1
267 221 4 0
128 298 1 0
37 348 13 1
67 165 9 1
185 381 8 0
227 329 9 1
333 85 8 0
510 475 11 1
344 343 12 1
352 126 10 1
397 383 8 1
143 472 9 1
314 519 8 1
320 221 11 1
187 35 12 1
286 32 6 0
460 126 10 1
154 204 10 1
308 77 11 1
99 473 9 1
238 227 11 1
144 218 9 1
184 40 6 0
205 16 14 1
456 10 9 1
131 126 9 0
419 128 8 1
286 23 5 1
417 446 10 1
192 406 4 1
550 504 15 1
418 452 10 1
494 301 10 1
20 51 16 1
211 175 5 1
114 511 2 0
140 266 9 1
407 319 12 1
297 18 16 1
127 174 5 1
261 436 8 1
407 138 11 1
144 312 15 1
390 13 8 0
347 442 2 1
386 547 7 1
15 371 6 1
546 379 5 1
339 407 16 1
457 145 8 1
408 499 10 1
39 512 7 1
384 74 9 1
359 139 8 1
278 504 7 0
23 384 12 1
546 55 11 1
206 246 16 1
489 412 12 1
270 153 13 1
32 180 10 1
437 178 13 1
237 141 9 1
245 6 11 1
330 125 8 1
322 468 8 0
427 348 7 1
77 492 6 0
271 252 3 1
502 134 7 0
438 493 8 0
218 134 2 1
550 10 1 1
58 453 10 1
100 533 15 1
119 178 12 1
493 470 12 1
478 433 5 1
225 215 12 1
92 469 12 1
204 412 7 1
154 320 9 1
203 184 8 1
483 54 5 0
59 107 16 1
67 244 14 1
125 493 5 1
154 521 10 1
501 477 17 1
199 525 12 1
46 376 8 1
487 47 12 1
410 387 9 1
441 375 4 1
507 193 9 1
366 83 8 1
539 365 8 1
363 334 15 1
395 482 9 1
464 517 8 0
411 410 8 1
215 538 13 1
164 498 6 0
94 540 8 0
497 295 2 1
259 43 7 0
312 218 11 1
424 426 5 1
264 297 10 1
77 395 4 1
188 168 6 1
44 30 11 1
484 337 5 1
226 167 9 1
394 250 4 1
391 123 10 1
141 276 4 1
196 509 14 1
140 235 4 1
181 123 12 1
200 440 8 0
118 422 11 1
198 385 4 0
485 151 11 1
48 301 6 1
521 391 6 1
493 298 4 1
250 447 9 1
240 386 8 0
305 11 6 0
83 221 10 1
133 435 5 1
409 545 4 0
549 281 13 1
385 269 15 1
360 29 7 1
311 544 4 1
41 174 2 0
390 519 7 1
399 525 15 1
453 413 13 1
444 242 9 1
497 156 6 1
337 200 4 1
101 388 3 0
438 128 2 1
145 138 11 1
323 93 12 1
344 17 7 1
543 188 5 1
461 227 14 1
111 280 3 1
463 528 8 1
549 45 5 0
461 245 7 0
232 159 4 1
60 219 8 1
451 211 10 1
133 317 13 1
78 212 11 1
539 191 10 1
536 516 10 1
195 438 1 1
160 225 11 1
544 151 14 1
448 482 11 1
430 538 14 1
429 335 6 0
111 387 4 1
170 146 10 1
96 498 8 1
298 234 13 1
250 202 8 1
232 474 7 1
523 54 9 1
189 69 8 1
119 248 4 1
486 99 15 1
48 137 12 1
530 414 6 1
89 418 16 1
167 510 11 1
161 208 4 0
371 96 9 1
70 490 17 1
334 108 13 1
221 181 13 1
218 78 10 1
63 110 10 1
359 392 8 1
102 109 4 1
503 413 13 1
226 183 8 1
283 72 8 1
133 110 2 0
322 404 9 1
401 529 7 1
289 206 10 1
407 263 10 1
463 38 4 1
227 488 7 1
545 322 13 1
362 333 4 1
437 232 9 1
86 218 6 1
249 159 9 1
146 65 5 0
477 536 11 1
398 254 10 1
81 379 16 1
110 3 1 0
299 173 13 1
238 194 8 0
91 12 6 1
191 517 9 1
234 523 7 1
348 346 7 1
254 2 2 1
344 190 7 1
346 534 6 1
144 134 1 0
427 404 2 1
77 325 2 0
549 299 8 1
235 36 9 1
465 45 6 1
379 98 11 1
138 473 8 1
253 347 3 1
347 240 8 1
147 151 2 1
259 518 2 1
430 522 10 1
121 51 7 0
32 384 8 1
12 339 2 0
425 67 7 0
420 127 6 1
345 180 7 1
248 337 6 1
349 15 7 1
10 472 4 0
361 13 16 1
126 263 9 1
242 18 14 1
129 81 5 1
492 344 5 0
264 24 10 1
408 76 5 0
412 243 9 0
463 158 10 1
387 479 3 0
194 403 11 1
89 441 9 1
53 62 5 1
384 44 8 1
159 400 11 1
482 190 5 0
433 204 14 1
78 437 8 1
362 545 12 1
375 414 8 0
523 329 5 1
179 402 6 0
26 252 1 0
171 185 15 1
216 388 13 1
311 357 14 1
544 133 14 1
496 493 11 1
191 169 8 1
314 405 6 1
128 461 6 1
139 417 7 1
350 146 4 1
29 273 9 0
418 41 12 1
497 396 7 0
434 385 6 1
25 151 4 1
327 516 13 1
204 391 5 1
444 525 8 1
450 302 1 1
533 197 15 1
45 173 3 1
11 399 7 1
57 244 9 1
221 412 3 1
100 372 11 1
245 483 7 0
274 94 10 1
42 16 8 1
128 234 14 1
171 381 7 1
96 388 9 0
225 196 10 1
169 220 9 1
493 245 7 1
181 391 7 0
189 452 8 1
299 281 7 0
466 425 4 1
38 42 16 1
219 130 5 0
84 186 13 1
462 401 9 1
371 22 8 1
33 226 3 1
20 27 8 1
399 397 15 1
409 549 10 1
431 56 9 0
27 224 12 1
69 486 8 1
119 454 2 0
110 73 7 0
304 65 8 1
36 480 13 1
387 96 9 1
529 378 10 1
355 383 6 1
394 28 9 1
126 396 7 0
35 357 10 1
412 136 7 1
137 195 15 1
388 134 11 1
313 471 7 1
260 507 7 1
182 34 6 1
441 258 6 1
547 99 10 1
323 262 9 1
259 354 11 1
271 270 5 1
264 199 12 1
528 57 11 1
420 189 6 1
323 191 8 1
155 550 13 1
341 369 12 1
361 390 7 0
91 332 4 0
309 297 6 1
350 441 11 1
492 306 6 1
42 7 11 1
12 352 2 1
27 455 12 1
340 300 4 1
63 77 12 1
288 24 7 1
148 357 11 1
410 254 11 1
69 90 14 1
495 285 9 1
251 463 3 1
354 518 9 1
400 443 4 1
448 40 7 1
299 105 9 0
190 17 7 0
437 454 2 0
491 57 8 0
504 466 4 1
291 166 3 1
294 197 11 1
159 68 9 1
77 3 16 1
223 501 8 1
400 233 13 1
32 132 5 0
391 95 12 1
180 384 13 1
156 206 1 0
256 288 8 0
413 410 16 1
120 130 16 1
392 421 7 1
310 245 10 1
62 477 9 1
98 494 8 1
206 315 6 1
350 418 7 1
159 440 2 0
438 219 9 1
43 24 9 1
158 165 5 1
100 116 9 1
404 274 10 1
416 296 11 1
269 453 11 1
466 291 7 1
112 455 1 0
442 339 9 1
45 313 10 1
126 497 11 1
74 519 2 0
166 38 4 0
491 463 8 1
528 205 8 1
14 31 10 1
548 419 10 1
524 64 10 1
84 358 7 1
297 397 8 0
408 261 8 1
284 379 16 1
45 149 4 0
303 316 7 1
208 126 17 1
49 321 16 1
192 485 11 1
533 266 8 1
268 17 9 1
195 162 8 1
295 366 3 1
265 378 11 1
210 498 13 1
490 203 7 0
390 97 2 1
57 527 15 1
272 137 13 1
144 459 8 1
315 445 9 1
237 31 8 1
233 170 4 1
526 261 8 0
437 107 9 1
4 417 6 1
488 192 9 1
403 192 9 1
415 79 9 1
205 334 5 1
467 225 8 0
164 252 13 1
500 226 7 0
64 445 3 1
415 14 10 1
464 421 3 0
156 396 2 0
524 83 17 1
40 368 16 1
482 306 1 1
304 197 10 1
298 227 4 1
189 174 17 1
193 353 7 1
209 386 7 1
221 214 7 1
534 43 8 0
283 341 9 1
253 530 3 0
292 205 11 1
296 427 6 0
79 328 12 1
322 173 10 1
131 289 15 1
269 340 2 1
472 466 12 1
30 361 10 1
142 313 9 1
350 65 14 1
532 171 3 0
325 324 10 1
8 351 2 1
285 428 6 1
285 437 7 1
521 499 12 1
61 302 15 1
165 363 11 1
537 222 6 1
358 137 8 1
499 374 6 1
172 87 7 1
322 299 12 1
22 502 7 1
422 340 11 1
428 248 3 1
298 505 9 1
248 290 7 1
516 112 11 1
49 531 9 0
542 255 10 1
524 376 1 1
54 21 8 1
340 168 3 0
229 277 4 1
333 45 4 0
72 20 8 1
327 369 7 1
31 328 12 1
13 500 8 0
113 220 8 1
548 125 11 1
415 361 6 1
324 40 10 1
498 252 15 1
464 392 7 1
520 184 12 1
194 513 11 1
484 200 7 0
329 21 2 1
19 384 10 1
184 511 8 0
66 464 4 1
109 150 9 1
100 400 7 1
485 25 8 1
93 113 8 1
355 29 13 1
206 64 9 1
352 319 4 0
410 111 9 1
492 368 6 1
494 548 11 1
232 116 6 1
189 442 10 1
80 463 9 1
114 338 9 1
213 111 9 1
192 311 9 1
291 475 16 1
471 259 11 1
410 280 9 1
217 31 10 1
479 271 12 1
264 444 5 0
339 131 3 0
505 54 10 1
478 221 6 1
213 398 12 1
414 12 3 0
139 385 11 1
165 1 4 1
233 294 5 1
42 334 2 0
142 305 15 1
319 432 4 1
250 88 3 0
324 150 10 1
386 145 4 0
225 229 9 1
443 146 11 1
520 395 6 1
96 252 7 1
265 177 3 0
70 357 12 1
112 196 4 1
169 421 9 1
56 162 12 1
324 3 11 1
204 95 9 1
201 426 2 1
157 32 8 1
370 546 8 1
319 156 9 1
500 33 13 1
14 141 6 1
181 136 6 1
325 492 7 1
292 527 7 1
225 430 3 1
252 502 9 1
290 400 12 1
519 141 12 1
294 170 9 1
343 286 7 1
460 319 6 1
540 43 7 1
346 274 5 1
435 184 9 1
483 61 3 1
130 505 9 1
50 521 10 1
120 227 8 0
510 463 11 1
386 99 14 1
25 203 6 0
417 236 6 1
226 466 12 1
316 493 7 1
391 76 6 1
341 327 11 1
5 446 8 1
287 476 10 1
180 239 1 0
32 331 14 1
427 173 10 1
428 514 16 1
427 175 11 1
50 76 8 1
253 41 1 0
97 141 16 1
547 161 9 1
161 407 4 1
391 207 5 0
351 402 10 1
496 125 8 1
356 283 4 1
275 393 15 1
173 163 9 1
289 432 8 1
19 87 7 1
156 432 11 1
330 431 8 1
302 311 6 1
5 103 4 1
278 241 11 1
112 215 3 0
51 160 13 1
73 324 8 1
444 29 7 1
307 537 3 0
197 418 12 1
393 2 10 1
74 314 7 0
509 451 9 1
437 459 12 1
53 536 11 1
545 333 9 1
50 181 7 1
20 160 12 1
286 19 7 0
365 93 5 1
110 395 10 1
421 434 8 1
118 434 7 1
224 196 10 1
8 402 11 1
131 295 6 1
395 448 4 0
216 144 10 1
327 160 7 0
88 186 4 1
74 34 11 1
522 409 7 1
70 544 6 1
467 229 17 1
40 306 2 0
442 91 10 1
449 514 6 1
49 451 5 1
514 400 12 1
378 28 6 1
400 294 12 1
344 286 3 0
80 158 3 1
411 193 10 1
28 98 9 1
455 215 6 1
29 401 2 0
13 237 11 1
512 182 13 1
91 90 13 1
178 257 8 1
482 368 3 0
228 17 14 1
112 321 14 1
524 246 12 1
525 360 8 1
147 435 8 1
201 70 13 1
121 47 13 1
147 317 6 0
253 127 7 1
308 325 6 0
102 492 12 1
530 189 16 1
228 157 8 1
512 390 8 1
258 480 7 0
151 308 8 1
290 257 4 1
97 377 12 1
51 467 9 1
280 387 3 1
428 290 6 1
190 343 8 0
5 269 9 1
144 86 16 1
537 379 12 1
409 439 14 1
499 223 10 1
143 466 5 0
411 349 7 1
214 95 10 1
108 16 13 1
183 425 12 1
245 523 6 1
133 338 12 1
22 101 8 0
186 195 14 1
485 490 7 1
33 472 16 1
232 249 14 1
329 488 15 1
234 54 4 1
236 507 7 1
513 424 12 1
43 399 15 1
54 61 15 1
91 486 12 1
190 23 9 0
80 528 4 1
120 6 7 1
249 337 13 1
326 83 12 1
397 370 16 1
428 459 7 1
63 520 11 1
265 529 6 1
2 498 17 1
30 34 7 1
132 87 12 1
115 216 4 0
448 306 14 1
388 86 10 1
247 32 11 1
231 140 6 1
436 185 14 1
177 84 13 1
473 156 11 1
242 29 9 1
476 447 8 1
208 460 4 1
103 179 2 1
59 212 9 1
388 312 9 1
324 482 3 0
479 26 7 1
101 285 3 1
366 246 1 0
223 374 10 1
453 411 7 0
128 483 12 1
35 424 4 1
454 290 8 1
449 116 6 1
284 222 3 0
463 205 12 1
336 122 14 1
550 466 7 1
266 36 7 1
329 450 6 1
190 268 11 1
166 527 9 1
537 394 12 1
538 211 7 1
246 267 8 1
89 127 4 1
456 504 7 1
19 180 13 1
11 309 6 1
32 172 2 0
88 494 15 1
130 483 1 1
351 503 5 1
425 292 5 1
152 78 12 1
132 318 8 1
338 184 7 1
503 111 9 1
503 353 7 0
540 256 7 1
110 184 6 1
521 76 13 1
169 543 7 1
104 202 14 1
305 540 3 1
151 317 1 0
510 166 11 1
24 383 9 1
174 240 9 1
83 214 11 1
353 275 13 1
94 259 3 1
10 167 2 1
434 340 9 1
6 227 11 1
546 284 2 0
147 544 1 1
125 419 12 1
536 458 14 1
12 99 8 1
89 253 2 0
212 178 6 1
217 500 9 1
472 510 14 1
375 253 4 1
35 406 9 1
358 496 10 1
188 236 6 0
530 174 11 1
480 347 10 1
93 392 7 1
189 347 7 0
190 429 13 1
5 236 7 0
250 476 13 1
36 127 7 1
10 251 13 1
534 279 6 1
13 155 9 0
126 295 7 1
209 12 16 1
307 529 3 0
293 501 9 1
264 242 5 1
351 179 4 1
305 256 14 1
365 135 4 0
307 378 12 1
541 311 13 1
161 126 9 1
115 285 7 1
519 405 1 0
65 127 9 1
446 168 3 0
301 431 1 1
491 166 12 1
10 183 8 1
25 133 5 0
395 325 14 1
229 531 4 0
393 271 4 1
176 540 11 1
328 33 15 1
45 468 5 1
65 189 7 1
283 536 13 1
535 191 6 0
153 86 3 0
132 512 7 0
183 251 4 0
301 125 9 1
157 180 4 1
456 251 7 1
228 247 14 1
177 287 3 1
118 4 9 0
202 342 6 1
342 303 15 1
364 4 8 1
406 485 5 1
38 292 3 1
385 5 9 1
509 367 7 1
241 510 13 1
222 394 7 0
34 79 4 1
198 220 9 1
353 371 14 1
259 264 7 1
342 358 6 1
292 334 10 1
345 384 9 1
504 291 11 1
13 276 7 1
231 233 14 1
230 81 6 1
547 138 5 0
396 64 11 1
159 200 10 1
386 457 13 1
374 381 6 1
92 88 13 1
545 37 4 0
190 345 9 1
456 241 14 1
379 75 14 1
242 199 9 1
31 226 4 1
74 79 3 1
392 385 7 1
198 113 9 0
434 543 7 1
544 25 13 1
510 425 4 1
432 315 1 0
195 125 10 1
261 171 3 1
442 457 8 0
160 542 5 0
179 413 6 1
447 272 16 1
240 332 10 1
83 489 10 1
479 164 16 1
173 94 9 1
503 213 8 1
179 117 12 1
263 46 7 1
240 457 11 1
276 472 14 1
294 140 8 1
534 11 1 1
40 190 3 1
410 398 7 1
112 229 4 1
200 443 10 1
376 445 7 1
513 147 15 1
520 102 4 1
168 193 9 1
11 354 7 1
229 451 9 1
221 526 8 1
12 547 15 1
149 176 2 0
355 370 12 1
80 292 3 1
222 177 3 0
459 454 1 0
104 394 5 1
64 154 10 1
11 288 13 1
523 21 3 1
318 182 9 1
451 416 2 1
244 7 15 1
532 381 9 1
129 379 8 0
283 53 12 1
385 422 4 0
168 413 3 1
430 416 9 1
303 301 5 0
37 322 14 1
450 513 13 1
461 238 7 0
230 462 15 1
270 96 9 0
118 188 8 1
357 485 3 0
93 169 11 1
405 97 9 1
469 342 12 1
350 375 8 1
343 17 10 1
519 97 11 1
409 85 1 0
