25 81 2
2 3 6 0
12 2 5 0
13 9 1 0
15 21 6 0
24 18 5 0
24 22 3 0
11 10 3 1
7 4 4 1
17 15 10 1
4 22 2 0
12 14 6 1
11 19 2 0
16 20 3 0
6 3 5 1
2 9 8 1
13 12 5 0
6 14 1 0
2 16 3 0
2 25 6 0
25 8 6 0
5 3 9 1
19 23 6 1
15 1 2 0
16 25 2 1
4 18 3 1
10 21 5 0
10 23 3 0
4 13 8 1
5 6 1 0
13 6 2 0
12 16 4 1
25 11 5 0
18 13 4 0
17 19 3 0
9 3 6 0
23 1 6 0
15 19 6 1
4 5 2 0
8 15 2 0
20 15 5 1
24 6 2 0
14 11 4 1
3 8 4 0
6 12 6 0
17 10 1 1
16 11 3 0
8 17 6 0
17 11 5 1
20 10 5 0
6 9 5 0
8 11 8 1
15 23 6 0
25 20 1 1
17 20 2 0
11 15 4 0
9 14 4 0
9 16 6 0
19 1 5 0
25 17 6 0
22 6 5 0
9 25 2 0
8 20 10 1
18 12 9 1
2 14 9 1
24 5 6 1
5 12 6 0
24 13 5 0
18 22 4 1
14 16 5 0
20 21 6 0
5 9 4 0
3 16 7 1
13 2 7 1
11 21 4 1
9 8 6 0
10 1 4 0
21 23 4 0
3 14 3 0
21 1 5 1
22 13 5 1
20 19 3 0
