70 324 5
46 10 5 1
64 8 11 1
30 55 6 1
55 65 6 0
55 38 8 1
36 42 1 0
59 31 5 1
62 6 2 0
31 67 9 1
68 8 3 0
37 9 2 0
66 31 4 0
34 27 12 1
6 1 2 0
5 33 2 0
62 13 5 1
12 22 2 0
36 9 4 1
14 6 10 1
69 12 8 1
53 31 6 1
16 45 7 1
70 52 7 1
9 61 9 1
39 21 12 1
5 67 5 1
49 2 11 1
64 25 10 1
9 27 9 1
19 22 4 0
4 50 11 1
59 46 6 1
5 10 7 1
53 46 5 0
18 50 10 1
35 30 8 1
12 50 8 1
61 59 8 1
42 47 4 0
11 69 5 0
44 41 10 1
64 44 6 0
45 48 4 0
16 65 11 1
43 70 5 1
68 48 2 0
2 5 5 0
13 40 10 1
64 26 1 0
6 3 8 1
32 16 11 1
5 43 9 1
52 14 11 1
42 61 7 1
28 34 12 1
50 3 6 0
15 23 5 1
38 58 4 1
33 69 6 1
45 38 5 1
63 46 12 1
16 64 9 1
60 65 7 0
55 68 2 0
27 61 5 1
65 8 8 1
64 58 2 1
22 56 3 1
12 29 3 1
60 48 7 1
59 2 7 1
68 44 5 1
13 12 7 0
69 14 7 1
25 41 5 1
7 27 6 1
54 9 6 1
20 60 7 0
36 37 5 1
53 47 6 1
37 61 7 1
31 5 10 1
18 14 6 1
4 29 3 1
35 55 2 1
29 3 4 0
52 4 10 1
8 44 8 1
51 60 10 1
8 17 5 1
60 45 6 1
63 53 6 1
50 19 5 1
25 28 13 1
47 59 4 0
13 4 6 1
20 30 7 0
67 11 8 1
29 56 5 1
43 14 11 1
60 55 7 1
41 7 10 1
18 13 4 0
40 57 5 1
10 39 6 1
49 31 4 1
66 59 11 1
48 58 1 0
52 13 10 1
24 15 8 1
69 4 10 1
33 43 9 1
53 5 5 1
26 7 10 1
17 28 4 1
58 44 13 1
17 37 4 1
48 64 1 1
70 18 5 1
56 1 5 1
2 46 5 0
30 64 8 1
34 61 4 0
48 17 7 1
65 58 3 0
20 16 2 0
44 17 8 1
69 18 6 1
9 49 9 1
8 41 4 1
12 19 5 1
12 40 7 1
13 19 1 0
43 62 7 1
17 54 2 1
46 33 9 1
21 13 9 1
39 43 3 0
24 35 1 0
2 39 4 0
34 63 1 0
10 43 5 1
45 44 6 0
39 67 10 1
37 7 2 0
39 69 4 0
53 2 6 1
7 63 7 1
33 52 12 1
45 25 5 0
27 42 9 1
3 57 3 0
6 56 5 1
38 25 1 0
31 10 13 1
14 12 8 1
5 21 3 1
61 63 5 1
15 60 10 1
6 19 5 1
55 45 7 1
6 40 6 1
8 28 7 1
48 44 3 1
54 63 9 1
34 66 7 1
10 33 12 1
17 9 1 0
15 16 6 1
68 45 8 1
16 68 4 1
22 57 4 1
15 51 7 1
67 21 7 1
20 35 12 1
26 54 1 0
17 41 1 0
49 46 2 0
19 57 2 0
10 11 9 1
11 43 1 0
29 19 5 0
34 53 4 1
67 52 4 1
58 28 3 1
59 10 5 1
42 53 5 0
27 47 2 1
70 12 12 1
31 33 1 0
62 14 9 1
48 8 5 0
59 5 7 1
66 46 8 1
41 36 1 0
35 65 10 1
62 12 12 1
9 34 11 1
22 3 2 1
42 49 1 0
19 56 8 1
70 62 8 1
21 70 3 1
25 17 9 1
18 4 6 1
67 70 2 1
38 17 11 1
50 56 3 0
58 41 3 0
7 42 6 1
50 29 11 1
40 1 1 1
56 57 12 1
33 70 5 1
41 9 6 0
23 30 6 0
46 5 3 0
10 21 6 0
63 2 7 0
15 20 6 1
61 66 8 1
48 25 6 1
31 39 4 1
47 46 4 1
65 68 4 1
62 4 10 1
37 42 1 0
3 1 5 1
48 38 7 1
50 6 7 1
44 37 8 1
63 49 7 1
47 2 9 1
22 1 6 1
4 22 4 0
55 64 9 1
33 67 1 0
68 58 5 0
2 67 8 1
66 53 10 1
10 67 10 1
7 49 8 1
23 60 6 1
61 2 2 1
55 48 9 1
5 11 4 1
36 34 8 1
36 27 5 0
39 11 8 1
60 68 8 1
50 40 2 0
52 18 7 1
25 26 7 0
63 66 4 0
23 55 12 1
27 63 12 1
70 69 2 1
47 10 7 1
26 37 7 0
24 51 5 1
58 25 10 1
44 25 7 1
51 65 8 1
21 52 7 0
49 53 1 0
12 4 6 0
43 21 5 1
67 69 3 1
51 16 11 1
31 11 2 1
28 37 11 1
66 47 5 1
46 11 8 1
27 49 3 0
28 36 4 1
18 62 7 1
5 39 5 1
63 47 7 0
27 53 6 1
35 23 5 1
29 57 3 0
9 42 2 1
65 48 7 1
25 54 9 1
20 32 2 0
32 35 7 1
38 44 8 1
70 13 7 1
54 61 5 0
10 70 12 1
58 17 9 1
42 63 6 1
65 38 7 1
34 49 6 0
42 66 11 1
51 30 4 0
18 29 3 0
40 22 9 1
45 8 7 1
7 61 7 1
11 70 13 1
32 55 11 1
64 38 11 1
26 36 2 0
43 52 5 0
14 40 4 1
11 52 7 0
30 48 5 0
28 9 4 1
9 7 10 1
26 9 9 1
38 26 6 1
47 31 8 1
69 62 10 1
54 7 7 1
50 22 4 1
57 1 12 1
35 68 4 0
51 55 7 1
61 53 10 1
24 32 8 1
2 10 3 0
68 64 6 1
8 25 4 0
