101 100
21 136 1 28 1
136 185 1 101 1
28 168 1 23 1
185 108 1 46 1
101 131 1 34 1
168 150 1 64 1
23 154 1 25 1
108 118 1 116 1
46 122 1 78 1
131 94 1 152 1
34 71 1 92 1
150 18 1 80 1
64 179 1 199 1
154 2 1 81 1
25 63 1 148 1
118 10 1 144 1
116 12 1 165 1
94 183 1 176 1
152 104 1 69 1
92 6 1 194 1
179 121 1 198 1
199 124 1 97 1
2 162 1 170 1
81 35 1 30 1
63 147 1 103 1
148 53 1 156 1
10 56 1 99 1
144 20 1 84 1
165 130 1 89 1
176 14 1 32 1
104 193 1 8 1
69 70 1 65 1
121 42 1 115 1
198 33 1 109 1
170 39 1 149 1
35 126 1 190 1
30 38 1 57 1
103 73 1 178 1
53 160 1 186 1
156 138 1 59 1
193 167 1 139 1
8 93 1 67 1
70 16 1 102 1
65 48 1 174 1
42 5 1 19 1
115 175 1 91 1
33 90 1 159 1
109 189 1 7 1
39 111 1 180 1
149 27 1 197 1
190 181 1 26 1
186 77 1 37 1
138 9 1 13 1
59 41 1 177 1
102 3 1 107 1
48 76 1 188 1
174 182 1 173 1
19 62 1 169 1
91 50 1 0 1
90 145 1 132 1
159 47 1 166 1
197 17 1 137 1
181 105 1 11 1
26 44 1 114 1
77 158 1 106 1
37 4 1 155 1
9 49 1 128 1
13 123 1 24 1
41 112 1 200 1
177 163 1 72 1
76 15 1 133 1
188 143 1 29 1
182 86 1 192 1
173 127 1 100 1
169 184 1 157 1
49 187 1 83 1
128 161 1 75 1
24 74 1 55 1
112 129 1 85 1
200 125 1 153 1
163 1 1 82 1
72 58 1 120 1
133 31 1 135 1
29 151 1 51 1
83 164 1 22 1
75 52 1 43 1
85 68 1 87 1
125 60 1 141 1
153 134 1 88 1
1 117 1 79 1
82 61 1 110 1
58 146 1 172 1
120 196 1 142 1
22 98 1 66 1
43 96 1 195 1
117 119 1 40 1
79 36 1 140 1
142 95 1 171 1
119 54 1 45 1
40 113 1 191 1
