50 70 10
8 1
7 70
0 0 0 0 0 0 0 0 1 1 1 1 1 1 0 0 0 0 1 0 0 0 0 0 0 0 0 0 1 0 0 1 0 1 1 0 0 0 0 1 1 0 1 1 0 0 0 0 0 0 1 1 0 0 0 0 1 1 1 0 1 1 0 0 0 0 0 0 0 0
0 1 0 0 1 1 1 1 1 1 0 1 0 0 0 0 0 0 0 0 0 0 1 0 0 1 1 0 0 1 0 0 0 0 1 0 0 1 0 1 1 1 1 0 0 1 0 0 0 0 1 0 0 0 0 0 0 1 0 1 0 0 0 1 0 0 1 1 0 0
0 0 0 1 0 1 1 1 0 1 1 1 0 0 0 0 0 0 1 0 0 0 0 0 0 0 1 1 0 0 0 1 0 0 1 0 0 0 0 0 1 1 1 0 1 0 0 0 0 1 0 0 0 0 0 0 1 1 1 1 1 0 0 0 1 0 0 0 0 0
0 0 1 1 0 0 1 1 1 1 1 1 0 1 1 1 0 0 0 0 0 0 0 0 0 0 1 0 0 0 0 1 0 0 1 0 0 0 0 0 1 1 0 0 0 0 1 1 0 0 1 0 0 1 1 1 1 0 1 1 1 0 0 0 0 1 1 1 0 1
0 0 0 0 1 0 1 1 1 1 1 1 1 0 0 0 0 0 1 1 0 0 0 1 0 0 0 0 1 0 0 1 0 1 0 0 0 0 0 1 0 0 1 0 0 0 0 0 0 0 0 0 0 0 0 0 0 1 1 1 0 0 0 1 0 0 1 0 1 1
1 0 1 0 0 0 1 0 1 1 1 0 0 0 0 0 0 0 1 0 0 0 0 0 0 1 0 1 0 0 0 1 1 1 1 0 0 1 1 0 0 1 1 0 0 0 0 1 1 1 1 1 1 0 1 0 1 1 1 1 1 0 0 0 0 0 1 1 1 0
1 0 0 0 1 0 1 0 0 1 1 1 0 0 0 1 0 0 0 1 0 0 0 0 1 0 0 0 0 0 1 1 0 0 0 1 1 1 0 0 1 1 0 1 0 0 0 1 0 1 1 0 1 0 0 0 1 1 1 1 0 0 1 0 0 0 1 0 0 1
0 0 0 1 0 1 0 1 1 1 1 1 0 1 1 0 0 0 0 0 1 1 1 1 0 0 1 0 0 0 0 1 0 1 1 1 0 0 0 1 1 1 0 1 0 1 0 0 1 0 0 1 1 0 0 1 1 1 0 1 0 0 0 0 0 0 0 0 0 1
1 0 0 0 0 0 1 0 1 1 1 1 0 1 1 0 0 1 0 0 0 0 0 1 0 1 0 1 1 0 1 0 0 0 0 0 0 0 0 1 1 1 1 0 0 0 1 1 1 1 1 1 1 0 0 0 1 1 1 1 0 0 0 0 1 0 1 1 0 0
1 0 0 0 0 0 1 1 0 1 1 1 0 0 0 1 0 0 1 0 0 0 0 1 0 0 0 0 0 0 0 0 1 0 0 0 1 0 0 1 1 0 1 0 0 0 0 1 1 0 1 1 1 1 0 0 1 1 1 1 0 0 1 1 0 0 1 0 0 0
0 0 1 0 1 0 1 0 0 1 1 1 0 0 1 0 1 0 0 0 0 0 1 1 1 0 1 0 0 1 1 0 1 1 0 0 0 0 0 1 1 1 1 0 0 0 0 1 0 1 1 0 1 1 1 0 1 0 1 1 0 1 1 0 0 0 0 0 0 0
1 0 0 0 0 1 1 1 1 1 1 1 0 0 0 0 0 0 0 0 0 0 0 0 0 0 1 1 1 1 1 0 0 0 1 0 1 0 0 0 1 1 1 0 1 0 0 1 1 1 0 1 1 0 0 1 1 1 1 1 0 1 1 0 0 0 0 0 0 1
0 0 0 0 1 1 1 1 1 1 1 1 1 1 0 0 0 0 1 0 0 1 0 0 1 1 1 1 1 1 0 0 0 1 0 0 0 0 0 1 1 0 1 0 0 1 0 1 1 1 1 1 1 0 0 0 1 1 1 1 1 0 0 0 0 0 0 0 0 0
1 0 0 0 1 0 1 1 1 0 1 0 0 0 0 0 1 0 0 0 1 0 0 0 0 0 1 0 1 0 1 1 0 0 1 0 0 1 0 1 0 1 0 1 0 0 1 0 0 1 1 1 1 0 0 0 1 1 0 0 1 0 1 0 0 0 1 0 0 0
0 0 0 0 0 0 1 1 1 1 1 1 0 0 0 1 0 0 0 0 1 0 0 0 0 0 0 1 1 0 1 0 0 0 0 0 0 0 0 1 0 1 1 1 0 0 1 1 1 1 1 1 0 0 0 0 0 1 1 1 1 0 0 0 1 0 1 1 0 0
0 0 1 1 0 0 1 1 0 1 1 1 1 0 0 0 0 0 0 0 1 0 0 0 1 1 1 1 1 1 1 1 0 0 1 0 0 0 0 1 1 0 1 0 0 0 0 0 1 1 1 1 0 1 0 0 0 1 0 1 1 1 0 0 0 0 1 1 0 0
1 0 0 0 1 0 1 1 1 1 1 0 1 0 1 0 0 0 0 1 0 0 0 0 0 1 1 1 1 0 1 0 1 0 0 0 1 1 0 1 0 1 0 0 0 1 1 0 0 1 1 1 0 0 1 0 1 1 1 1 1 0 0 1 1 1 0 0 0 0
0 0 0 0 1 0 1 0 0 1 0 1 1 0 0 0 0 0 0 1 0 0 0 1 0 0 1 0 1 0 1 0 1 1 0 0 0 0 0 1 1 1 0 0 0 0 0 1 0 0 0 1 1 0 0 0 1 1 1 1 0 0 0 1 1 1 1 0 0 1
0 0 0 1 0 0 1 0 1 1 1 1 0 0 0 1 0 0 1 0 0 1 0 0 0 1 1 1 1 1 1 1 1 0 0 0 1 1 0 1 1 0 1 0 0 0 0 0 1 1 1 0 0 1 0 0 1 1 1 1 0 1 0 0 0 0 1 1 0 0
1 1 0 0 0 1 1 1 1 0 1 0 1 0 0 0 1 1 1 0 1 0 0 0 0 1 1 1 0 1 1 0 1 0 0 1 0 0 0 0 1 1 0 0 1 0 0 1 1 1 1 1 1 0 0 1 0 0 1 0 1 1 0 0 1 1 1 0 1 0
0 0 0 1 0 1 1 1 1 0 1 1 1 0 0 0 0 0 1 1 1 0 0 0 0 1 1 1 1 1 0 0 0 0 1 1 1 1 1 0 1 1 1 1 0 0 0 1 1 1 1 1 0 0 1 0 1 1 1 0 0 0 0 0 0 1 1 0 0 0
1 0 0 0 0 0 1 0 1 1 0 1 1 1 0 0 0 0 1 0 0 1 0 0 0 0 1 1 1 0 1 0 1 0 0 0 0 0 0 0 1 1 1 0 1 1 0 0 1 1 1 1 1 1 0 1 1 0 1 1 1 0 0 0 1 1 0 0 0 1
0 0 0 0 0 0 1 0 1 1 0 1 1 1 1 0 1 1 0 0 0 1 0 0 0 1 1 0 1 1 0 0 1 1 0 0 0 0 0 0 1 1 1 0 1 0 0 1 1 1 0 1 1 0 0 0 1 1 1 1 0 0 0 0 0 0 0 0 1 1
0 0 0 1 0 0 1 1 1 0 1 0 1 0 0 1 0 0 0 0 0 1 0 1 0 1 1 0 1 1 1 0 0 1 0 0 0 0 1 0 1 0 1 0 0 1 0 1 1 1 0 1 1 0 0 1 0 1 0 1 1 0 0 0 0 0 1 0 0 1
1 0 0 0 0 0 1 1 1 1 0 1 0 0 0 1 0 0 0 0 0 0 0 0 0 1 1 0 0 1 1 0 0 0 0 1 0 0 0 1 1 0 1 1 1 0 0 1 1 1 0 1 1 0 0 0 1 0 1 1 0 0 0 1 1 0 0 0 0 0
0 0 0 1 0 1 1 0 1 1 1 1 0 1 0 0 1 0 0 0 0 1 0 0 0 0 0 0 1 1 1 1 1 0 0 1 0 0 0 0 1 1 1 0 0 0 1 1 1 1 1 1 1 0 0 0 0 1 1 0 0 0 0 0 0 1 0 1 0 0
1 1 0 0 0 0 0 1 1 1 0 0 0 0 0 0 0 0 0 0 0 0 0 1 0 0 1 1 0 0 1 0 0 0 0 0 0 0 1 1 1 1 1 0 1 0 1 1 1 1 1 1 1 1 0 0 1 1 1 1 1 0 0 1 1 0 1 0 0 0
0 0 0 0 0 1 1 1 0 0 1 0 1 0 1 0 1 1 0 0 0 0 0 1 0 0 1 1 0 0 1 0 1 0 1 0 1 0 0 0 1 1 1 0 0 0 0 1 0 1 0 1 1 0 1 1 0 1 1 1 0 0 0 0 0 0 0 0 0 0
1 0 0 0 0 0 1 1 1 1 1 1 0 0 1 0 0 0 1 0 0 0 0 0 0 1 1 1 1 0 1 0 0 0 0 0 1 1 0 1 1 1 1 1 1 0 0 1 1 1 1 0 0 1 0 0 1 0 0 1 1 0 0 0 0 0 0 0 0 0
1 0 0 0 0 1 1 1 1 0 1 1 0 1 0 0 0 1 0 0 0 1 0 0 1 0 0 1 1 0 1 1 0 0 1 0 0 1 0 1 1 0 1 0 1 0 0 1 1 0 0 1 1 0 0 1 0 0 1 1 0 0 0 0 0 1 1 1 1 1
1 0 0 0 0 1 1 1 0 1 0 0 0 0 1 0 0 0 0 0 0 0 0 0 0 1 1 1 0 1 1 0 0 0 0 1 0 0 1 0 1 1 1 1 0 1 0 1 1 1 1 1 1 0 0 0 1 1 0 1 1 0 0 0 0 0 0 0 0 0
0 0 1 0 0 0 1 1 1 0 1 1 0 1 0 0 0 0 0 0 0 0 0 0 0 1 0 1 1 1 0 0 0 1 0 0 0 0 0 1 1 1 0 0 0 0 0 1 1 1 1 1 1 1 1 1 1 0 1 0 0 0 0 0 1 0 1 0 0 0
1 1 0 0 0 1 0 1 1 1 1 1 0 1 0 1 0 0 0 0 0 0 0 0 1 1 1 0 1 1 0 0 1 1 1 1 0 0 0 1 0 0 0 0 0 0 0 0 1 1 1 1 1 0 0 1 1 0 1 1 1 0 0 0 1 0 0 0 0 0
0 0 0 0 0 0 1 1 1 0 1 1 1 1 1 0 0 0 1 0 0 0 1 0 0 1 1 1 1 1 1 0 1 1 0 1 0 1 0 1 0 1 0 0 1 0 1 0 1 1 1 1 1 0 0 0 1 0 1 1 1 1 0 0 1 0 0 0 0 0
0 1 0 1 1 0 0 1 1 0 1 1 1 0 0 0 0 1 0 1 0 0 0 0 0 0 0 0 0 1 1 0 1 0 0 0 1 0 0 0 1 0 1 0 1 0 0 1 1 0 1 0 1 0 0 1 1 1 0 1 0 1 0 0 1 0 1 0 0 1
0 0 0 1 0 1 1 1 1 0 1 1 0 0 0 0 0 0 0 0 0 1 1 0 0 1 0 1 1 0 0 0 0 0 0 0 0 0 0 1 1 0 1 0 0 0 1 1 0 0 0 1 1 0 1 0 1 1 1 1 1 0 0 1 1 1 0 0 0 0
1 0 0 0 0 0 1 1 0 1 1 1 0 0 1 0 1 0 0 0 0 0 0 0 1 1 1 1 0 0 1 0 1 0 0 0 1 0 0 0 1 0 0 0 0 0 0 1 0 1 0 1 0 0 0 0 1 1 1 1 1 0 0 0 0 0 1 1 1 0
1 0 0 0 0 0 0 1 1 1 1 0 1 0 0 0 0 0 0 0 0 0 0 0 0 1 0 1 1 0 0 1 0 0 1 1 0 1 0 1 1 1 0 0 0 0 0 1 1 1 1 1 0 0 0 1 1 1 0 1 1 0 1 0 1 0 0 0 0 0
0 0 0 1 0 0 1 1 1 1 1 1 0 0 1 0 0 0 0 0 0 0 0 0 0 1 1 0 1 1 1 0 0 0 0 1 1 1 1 1 1 1 1 1 0 0 0 1 0 1 1 1 0 0 0 1 1 1 1 1 1 0 0 1 0 0 1 0 0 0
1 0 0 0 1 0 1 1 1 1 0 0 0 0 0 0 0 0 0 1 0 0 0 0 0 1 1 1 1 1 1 0 0 1 1 1 0 1 0 1 1 0 1 0 0 0 0 1 1 1 1 1 1 0 0 0 1 1 1 0 1 1 1 0 0 1 0 1 0 1
1 1 0 1 0 0 1 1 1 1 1 1 1 0 0 0 0 0 0 1 0 0 0 0 1 1 1 1 1 1 1 0 0 0 0 1 0 1 0 1 1 1 0 0 0 1 1 1 1 1 1 1 1 0 0 1 0 1 1 0 0 0 1 0 0 1 0 0 0 0
1 0 0 1 0 1 1 1 1 0 1 1 0 0 0 0 1 0 0 0 0 0 0 0 0 0 1 0 1 1 1 0 0 0 0 0 0 1 0 0 1 1 1 0 1 0 0 0 1 0 1 1 1 0 0 1 0 0 0 0 0 1 0 0 0 1 0 0 0 0
0 0 0 0 0 0 0 0 0 0 0 1 1 0 0 0 0 0 0 1 1 0 0 0 0 1 1 1 0 1 0 0 0 0 0 0 0 1 0 1 0 1 1 0 0 1 1 1 1 1 1 1 1 0 0 1 0 0 0 1 0 0 0 1 0 0 1 0 1 0
1 0 0 1 0 1 1 0 0 0 0 0 1 0 1 0 0 0 0 1 1 0 1 0 0 1 0 1 1 1 1 0 0 0 0 0 0 0 1 1 1 0 1 1 0 0 0 1 1 0 0 1 0 0 1 0 0 1 0 1 0 0 0 1 1 0 0 0 0 0
1 0 0 1 0 1 1 0 1 0 0 0 0 0 0 0 0 0 1 0 1 1 0 0 0 1 0 0 1 1 1 0 0 0 0 1 0 0 0 1 1 1 1 0 1 1 1 0 1 1 1 0 1 1 0 1 0 0 0 0 1 0 0 1 0 1 0 0 0 1
0 0 0 0 1 0 0 0 0 1 0 0 0 1 1 0 1 0 0 0 0 0 0 0 0 1 0 1 1 1 0 0 0 0 1 1 0 0 0 0 0 0 1 0 1 1 1 1 1 0 1 0 1 0 0 1 1 1 0 0 0 0 1 0 0 0 0 0 0 0
0 0 0 1 0 0 0 0 0 0 0 1 0 0 0 0 0 0 0 0 0 1 1 0 0 1 1 1 1 0 1 0 1 1 0 0 0 0 0 0 1 0 1 0 0 0 0 1 0 1 1 0 1 0 0 0 0 0 1 0 0 0 1 0 0 0 0 0 0 0
0 0 0 0 0 0 0 0 0 0 1 0 0 0 0 0 0 0 0 0 0 1 0 0 1 1 1 1 1 1 0 1 1 1 1 0 1 0 0 0 0 0 0 0 1 0 0 1 1 1 1 1 1 0 0 0 0 0 0 0 0 0 0 0 0 0 0 1 1 1
0 0 0 0 0 0 0 0 0 0 0 0 0 0 1 0 1 0 1 0 0 0 0 0 0 1 0 0 1 1 1 0 0 0 1 0 0 0 0 0 0 0 0 0 0 0 0 0 1 1 0 0 1 0 0 0 0 0 0 0 1 0 0 0 0 0 0 0 1 0
1 0 0 0 1 0 1 0 0 1 1 0 0 0 0 0 0 0 0 1 1 0 1 0 1 1 1 1 1 1 0 0 1 0 1 1 1 1 0 0 0 0 1 0 0 1 0 0 1 0 1 1 1 1 0 1 0 1 0 1 0 0 1 0 1 0 0 0 0 0
