20 30 5
16 1
9 30
0 1 1 0 0 0 0 0 0 0 0 1 1 1 1 1 1 1 0 0 0 0 0 0 1 1 1 1 1 0
0 1 1 0 0 0 1 0 0 0 0 1 1 1 1 1 1 1 0 0 0 0 0 0 0 0 0 0 0 0
0 1 1 0 0 0 1 0 1 0 0 0 1 1 1 0 1 1 0 0 0 0 0 0 0 0 0 0 1 0
0 1 1 1 1 1 1 1 0 0 0 1 1 0 0 1 1 0 0 0 0 0 1 1 1 1 1 1 1 0
0 1 1 0 0 0 1 0 0 0 0 1 1 0 0 0 0 1 0 0 0 0 0 0 0 0 0 0 1 0
0 1 1 0 0 0 1 0 0 0 0 1 1 0 1 0 0 1 0 0 1 1 1 1 1 0 0 0 1 0
0 1 1 0 0 0 1 0 0 0 0 1 1 0 1 1 0 0 0 0 0 0 1 1 0 0 0 0 1 0
0 1 1 1 0 0 1 0 0 0 0 1 1 1 1 1 1 1 0 0 0 0 1 1 1 0 0 0 1 0
0 1 0 0 0 0 1 0 0 0 0 1 1 0 0 1 0 1 0 0 0 0 1 1 0 0 0 0 1 0
1 1 1 1 1 1 1 0 0 0 0 1 1 0 1 1 0 1 0 0 0 0 1 1 1 0 0 0 1 1
0 1 1 0 0 0 1 0 0 0 0 1 1 0 1 1 0 1 0 0 0 0 1 1 0 0 0 0 1 0
0 1 1 0 0 0 1 0 0 0 1 1 0 0 1 0 0 1 0 0 1 0 1 1 0 0 0 0 1 0
0 1 1 1 1 1 1 0 0 0 0 1 1 0 1 1 1 1 1 1 0 1 1 1 0 0 0 0 1 0
0 1 1 0 0 0 1 0 0 0 0 1 1 1 1 1 1 1 1 0 0 0 1 1 1 1 1 0 1 0
0 1 1 0 0 0 1 1 1 1 0 1 1 0 1 1 1 1 0 1 1 0 1 1 0 0 0 0 1 0
0 1 1 0 0 0 1 0 0 0 0 0 1 0 1 1 0 1 1 0 0 1 1 1 0 0 0 0 1 0
0 1 1 1 1 1 1 1 1 0 0 0 0 1 1 1 0 0 0 0 0 0 1 1 0 0 0 0 0 0
0 0 0 0 0 0 1 0 0 0 1 0 0 0 1 1 0 0 0 0 1 0 1 1 0 0 1 0 0 0
0 0 0 0 1 1 1 1 0 0 0 0 0 0 1 1 0 0 1 1 1 1 1 1 0 0 1 0 0 0
0 0 0 0 0 0 1 0 0 0 0 1 1 1 1 1 0 0 0 0 0 0 0 1 0 0 0 0 0 0
