14 18
264 418 250 310 394 180 113 180 368 226 230 299 343 387 466 304 346 168
399 313 133 151 382 290 300 253 403 493 221 319 266 444 210 348 486 261
152 388 390 211 143 254 431 471 476 494 452 171 365 454 300 500 228 233
123 154 152 340 242 248 178 220 427 234 153 181 409 149 168 111 283 376
181 171 247 159 248 402 289 425 232 473 408 282 129 417 425 342 185 219
255 406 440 176 327 213 394 202 134 361 260 363 109 477 174 413 370 263
157 142 241 363 206 450 418 187 172 118 274 349 360 467 313 429 385 296
322 173 346 350 164 449 220 174 484 447 275 237 443 174 461 218 291 497
488 207 112 410 458 177 338 488 395 421 121 438 300 230 394 410 204 156
225 464 205 453 478 483 434 277 211 314 442 322 224 272 289 300 229 392
498 136 319 308 160 324 357 429 426 130 334 333 128 273 292 396 385 204
134 150 195 483 401 313 352 278 120 170 482 263 171 391 428 167 210 163
431 286 377 223 500 488 275 313 262 287 152 414 101 261 189 300 468 267
239 315 439 463 149 307 267 146 397 346 239 289 210 258 271 403 259 378
