16 20
348 215 215 379 337 462 478 211 306 156 232 146 477 297 153 170 433 255 185 325
149 148 378 165 375 299 350 412 153 130 279 228 444 117 458 338 403 443 141 300
143 239 487 335 229 308 363 271 162 134 199 151 347 384 322 241 157 138 143 318
213 132 163 283 326 495 182 453 479 237 380 362 178 379 440 183 390 463 232 447
413 270 411 463 253 269 471 377 206 408 381 176 235 487 102 185 371 272 343 241
180 235 284 187 248 105 278 316 276 255 349 497 380 499 497 233 369 197 460 313
288 405 219 152 321 111 468 130 248 213 218 152 144 177 298 358 239 226 403 164
301 447 393 165 420 350 339 444 135 231 500 141 326 368 199 201 334 411 468 498
417 500 183 157 278 332 396 261 175 107 165 284 343 358 391 125 243 246 111 466
417 489 101 238 170 473 387 380 340 132 188 144 338 102 342 425 238 379 240 152
159 400 157 100 260 180 455 264 239 192 194 263 202 340 327 202 258 361 368 149
265 135 440 206 440 424 362 147 160 185 467 305 322 450 342 475 121 391 418 173
120 130 375 440 371 193 177 488 425 321 441 226 333 457 140 416 176 382 294 494
188 220 192 269 367 436 202 160 440 438 100 136 152 376 337 261 204 495 180 454
432 133 325 478 382 416 242 391 426 293 117 208 254 438 164 320 394 439 134 324
411 350 202 393 350 328 189 251 287 333 335 164 444 294 141 211 466 337 425 276
