18 18
454 149 469 247 198 125 380 493 242 179 256 488 383 436 209 239 185 493
256 296 253 174 379 231 325 308 210 305 152 302 408 166 123 413 176 203
320 376 333 295 495 377 116 380 360 394 417 129 364 131 209 219 441 224
414 103 313 229 224 161 493 295 360 182 317 147 391 218 132 329 323 476
313 419 400 224 392 151 227 197 243 180 386 269 455 428 346 231 114 479
290 435 170 274 468 170 379 115 298 172 182 387 384 174 248 499 151 274
370 108 447 270 322 324 203 218 412 304 179 325 336 316 275 329 209 221
261 120 172 393 358 361 194 225 227 497 409 363 234 301 464 371 468 227
151 387 264 141 134 238 178 281 239 142 306 389 347 241 152 335 237 337
221 478 387 324 423 335 371 164 338 136 400 261 335 150 258 422 284 466
444 104 307 213 167 423 110 153 368 399 127 365 110 159 192 257 312 187
448 127 146 403 372 329 108 346 453 233 235 301 454 415 253 465 397 165
425 469 371 465 185 277 251 156 465 244 316 127 456 429 374 303 346 256
149 373 251 147 170 327 254 452 492 142 461 383 188 302 373 239 222 168
368 347 440 178 499 102 344 175 139 415 160 422 367 185 448 238 255 225
165 260 178 374 314 250 404 283 467 177 222 315 110 118 433 322 309 118
342 497 210 290 284 396 476 458 141 426 244 355 236 380 419 339 305 345
473 411 250 129 251 212 237 277 451 160 130 129 177 180 173 331 164 111
