12 14
142 107 135 156 116 155 186 191 106 142 132 140 142 142
189 172 134 135 159 100 199 196 170 127 148 146 153 176
144 123 161 193 107 170 154 174 181 194 102 188 139 169
164 125 185 189 109 100 175 198 109 129 162 115 191 133
172 141 181 104 162 164 158 195 103 174 200 155 187 154
165 144 162 110 125 121 158 170 139 173 128 187 191 111
117 125 104 185 110 174 119 116 140 193 155 176 185 192
171 117 146 175 107 172 195 112 141 155 148 102 125 170
111 113 107 131 189 196 137 191 197 122 195 184 105 159
170 141 185 101 138 106 173 119 144 180 146 149 198 197
136 101 156 128 182 181 153 118 118 151 142 101 169 170
106 171 105 136 144 161 137 121 157 184 184 104 180 116
