20 20
894 808 373 785 757 631 883 594 475 152 591 417 882 597 222 722 391 425 533 896
549 720 264 369 548 168 824 164 304 672 574 258 127 710 868 889 747 830 117 196
778 809 657 725 846 505 861 754 372 243 806 235 569 222 595 127 153 700 118 320
213 557 566 180 366 442 222 289 878 167 281 419 584 856 703 735 651 734 599 712
189 336 423 540 884 288 141 488 689 277 287 151 119 600 127 640 674 368 601 732
308 723 438 765 486 799 787 622 578 246 119 440 323 397 516 156 807 663 288 575
142 318 540 568 588 145 689 517 478 398 575 775 477 610 846 146 655 220 892 668
302 626 658 207 816 413 301 421 333 655 318 708 678 607 336 516 566 414 568 597
167 590 376 187 191 391 592 827 440 366 626 671 211 164 197 297 729 700 125 442
716 356 231 608 496 554 373 594 594 661 473 563 673 884 596 879 770 424 335 765
634 359 474 820 774 769 647 894 481 324 283 570 553 864 649 163 301 202 234 272
108 256 491 753 618 452 230 770 608 609 758 866 850 176 240 409 417 709 351 408
527 346 153 418 468 526 341 781 721 126 554 661 514 135 763 769 641 741 480 687
597 290 518 699 349 152 398 670 697 447 103 438 891 416 418 188 736 478 847 753
722 725 308 385 227 243 535 800 604 806 817 196 787 201 446 316 142 308 765 431
537 145 571 879 557 315 809 390 773 198 289 145 887 141 222 520 390 433 405 852
280 459 884 309 475 552 285 397 411 127 415 482 553 285 623 238 100 240 883 299
697 105 888 360 248 515 372 289 371 670 240 595 123 269 665 484 748 612 439 721
377 488 570 144 117 300 481 626 623 351 615 350 755 328 838 489 497 732 834 722
552 188 463 322 799 628 223 154 514 600 699 128 263 585 801 493 464 152 844 708
